# Ni K-edge chi(k) - larch autobk, rbkg=1.0
0.00000000e+00 1.53435736e+00
5.00000000e-02 1.44399380e+00
1.00000000e-01 1.35358620e+00
1.50000000e-01 1.26346789e+00
2.00000000e-01 1.17397217e+00
2.50000000e-01 1.08543236e+00
3.00000000e-01 9.98181758e-01
3.50000000e-01 9.12553687e-01
4.00000000e-01 8.28881455e-01
4.50000000e-01 7.47498374e-01
5.00000000e-01 6.68737755e-01
5.50000000e-01 5.92932910e-01
6.00000000e-01 5.20417149e-01
6.50000000e-01 4.51523786e-01
7.00000000e-01 3.86586130e-01
7.50000000e-01 3.25937494e-01
8.00000000e-01 2.69911189e-01
8.50000000e-01 2.18840527e-01
9.00000000e-01 1.73058818e-01
9.50000000e-01 1.32899338e-01
1.00000000e+00 9.83697919e-02
1.05000000e+00 6.83605871e-02
1.10000000e+00 4.15226353e-02
1.15000000e+00 1.65068490e-02
1.20000000e+00 -7.85501299e-03
1.25000000e+00 -3.18941938e-02
1.30000000e+00 -5.56999607e-02
1.35000000e+00 -7.93495692e-02
1.40000000e+00 -1.02233549e-01
1.45000000e+00 -1.22696308e-01
1.50000000e+00 -1.38996059e-01
1.55000000e+00 -1.50220684e-01
1.60000000e+00 -1.57624030e-01
1.65000000e+00 -1.62804228e-01
1.70000000e+00 -1.66907772e-01
1.75000000e+00 -1.70263800e-01
1.80000000e+00 -1.72948976e-01
1.85000000e+00 -1.72773658e-01
1.90000000e+00 -1.65914283e-01
1.95000000e+00 -1.49669182e-01
2.00000000e+00 -1.24248035e-01
2.05000000e+00 -9.04353577e-02
2.10000000e+00 -4.97879993e-02
2.15000000e+00 -4.42904688e-03
2.20000000e+00 4.03669523e-02
2.25000000e+00 7.75185590e-02
2.30000000e+00 1.03527240e-01
2.35000000e+00 1.17856536e-01
2.40000000e+00 1.21024083e-01
2.45000000e+00 1.14470880e-01
2.50000000e+00 1.01450130e-01
2.55000000e+00 8.67455783e-02
2.60000000e+00 7.79055979e-02
2.65000000e+00 7.95992618e-02
2.70000000e+00 8.43850034e-02
2.75000000e+00 8.46455003e-02
2.80000000e+00 7.65286457e-02
2.85000000e+00 6.23188205e-02
2.90000000e+00 4.62444773e-02
2.95000000e+00 3.03687939e-02
3.00000000e+00 1.46008649e-02
3.05000000e+00 -1.51680083e-03
3.10000000e+00 -1.51122083e-02
3.15000000e+00 -2.56396045e-02
3.20000000e+00 -3.41778239e-02
3.25000000e+00 -3.95500153e-02
3.30000000e+00 -4.30257958e-02
3.35000000e+00 -4.48243423e-02
3.40000000e+00 -4.13580765e-02
3.45000000e+00 -3.38824032e-02
3.50000000e+00 -2.46871072e-02
3.55000000e+00 -1.43408844e-02
3.60000000e+00 -1.98074250e-03
3.65000000e+00 9.98384634e-03
3.70000000e+00 1.81814089e-02
3.75000000e+00 2.10336559e-02
3.80000000e+00 1.81282527e-02
3.85000000e+00 8.86263959e-03
3.90000000e+00 -2.47140527e-03
3.95000000e+00 -1.31330423e-02
4.00000000e+00 -2.13787904e-02
4.05000000e+00 -2.68295652e-02
4.10000000e+00 -3.05876810e-02
4.15000000e+00 -3.20933212e-02
4.20000000e+00 -3.01929772e-02
4.25000000e+00 -2.77759624e-02
4.30000000e+00 -2.46253162e-02
4.35000000e+00 -2.52420205e-02
4.40000000e+00 -2.46735849e-02
4.45000000e+00 -2.45785096e-02
4.50000000e+00 -2.37959348e-02
4.55000000e+00 -2.02794458e-02
4.60000000e+00 -1.59463436e-02
4.65000000e+00 -1.13870219e-02
4.70000000e+00 -6.38465527e-03
4.75000000e+00 2.23395083e-04
4.80000000e+00 6.18085710e-03
4.85000000e+00 1.31950350e-02
4.90000000e+00 2.08450095e-02
4.95000000e+00 2.95138027e-02
5.00000000e+00 3.85261678e-02
5.05000000e+00 4.68901233e-02
5.10000000e+00 5.43846416e-02
5.15000000e+00 6.05892457e-02
5.20000000e+00 6.04473750e-02
5.25000000e+00 5.56721321e-02
5.30000000e+00 4.45740941e-02
5.35000000e+00 3.36712384e-02
5.40000000e+00 2.21263814e-02
5.45000000e+00 1.11605691e-02
5.50000000e+00 1.39877033e-03
5.55000000e+00 -6.95182999e-03
5.60000000e+00 -1.46897775e-02
5.65000000e+00 -2.48411239e-02
5.70000000e+00 -3.43446198e-02
5.75000000e+00 -4.31253007e-02
5.80000000e+00 -5.03233740e-02
5.85000000e+00 -5.32165344e-02
5.90000000e+00 -4.90361586e-02
5.95000000e+00 -4.11044986e-02
6.00000000e+00 -3.38070678e-02
6.05000000e+00 -2.72217410e-02
6.10000000e+00 -1.89682995e-02
6.15000000e+00 -1.07148921e-02
6.20000000e+00 -9.52322418e-03
6.25000000e+00 -1.13673981e-02
6.30000000e+00 -1.30145105e-02
6.35000000e+00 -7.33539551e-03
6.40000000e+00 3.75892123e-03
6.45000000e+00 1.55470593e-02
6.50000000e+00 2.89697710e-02
6.55000000e+00 4.52100701e-02
6.60000000e+00 5.31530687e-02
6.65000000e+00 5.64818393e-02
6.70000000e+00 5.73373166e-02
6.75000000e+00 5.39305754e-02
6.80000000e+00 4.76803156e-02
6.85000000e+00 3.59254306e-02
6.90000000e+00 1.62735621e-02
6.95000000e+00 -2.14398028e-03
7.00000000e+00 -2.05962689e-02
7.05000000e+00 -4.03893474e-02
7.10000000e+00 -5.10687843e-02
7.15000000e+00 -5.46110584e-02
7.20000000e+00 -4.88979591e-02
7.25000000e+00 -3.95200008e-02
7.30000000e+00 -2.83691041e-02
7.35000000e+00 -1.52218782e-02
7.40000000e+00 -8.07964876e-03
7.45000000e+00 -1.25857730e-03
7.50000000e+00 1.47108609e-03
7.55000000e+00 3.01926413e-03
7.60000000e+00 2.39118745e-03
7.65000000e+00 -2.22349475e-04
7.70000000e+00 -2.39520796e-03
7.75000000e+00 -3.34516872e-03
7.80000000e+00 -6.12514823e-03
7.85000000e+00 -3.78774659e-03
7.90000000e+00 3.57192639e-03
7.95000000e+00 1.34271683e-02
8.00000000e+00 2.08307409e-02
8.05000000e+00 2.88316274e-02
8.10000000e+00 3.24542245e-02
8.15000000e+00 3.30174057e-02
8.20000000e+00 3.17186047e-02
8.25000000e+00 2.51843979e-02
8.30000000e+00 1.53965907e-02
8.35000000e+00 6.65737829e-03
8.40000000e+00 -3.81207867e-03
8.45000000e+00 -1.27183350e-02
8.50000000e+00 -1.62463867e-02
8.55000000e+00 -1.88903077e-02
8.60000000e+00 -1.90550195e-02
8.65000000e+00 -1.75937185e-02
8.70000000e+00 -1.63915287e-02
8.75000000e+00 -1.99157538e-02
8.80000000e+00 -1.43572244e-02
8.85000000e+00 -1.27519174e-02
8.90000000e+00 -1.10899126e-02
8.95000000e+00 -8.62357820e-03
9.00000000e+00 -4.98965084e-03
9.05000000e+00 -1.33641238e-03
9.10000000e+00 3.15844495e-04
9.15000000e+00 3.14286850e-03
9.20000000e+00 5.03747585e-03
9.25000000e+00 6.38873261e-03
9.30000000e+00 9.05893312e-03
9.35000000e+00 1.21564680e-02
9.40000000e+00 1.36107609e-02
9.45000000e+00 1.57168826e-02
9.50000000e+00 1.43455157e-02
9.55000000e+00 1.16200208e-02
9.60000000e+00 8.21092626e-03
9.65000000e+00 4.62383832e-03
9.70000000e+00 8.05775815e-04
9.75000000e+00 -1.16185218e-03
9.80000000e+00 -2.14331080e-03
9.85000000e+00 -1.25426592e-03
9.90000000e+00 -1.88148998e-03
9.95000000e+00 -3.73780753e-03
1.00000000e+01 -5.05515943e-03
1.00500000e+01 -8.61762125e-03
1.01000000e+01 -8.75279588e-03
1.01500000e+01 -8.82622637e-03
1.02000000e+01 -8.89968219e-03
1.02500000e+01 -7.47464566e-03
1.03000000e+01 -6.55426767e-03
1.03500000e+01 -6.11850556e-03
1.04000000e+01 -4.23689363e-03
1.04500000e+01 -1.77626654e-03
1.05000000e+01 -2.07441770e-03
1.05500000e+01 1.82449900e-03
1.06000000e+01 1.46912394e-03
1.06500000e+01 4.17848787e-03
1.07000000e+01 4.54774692e-03
1.07500000e+01 6.00693190e-03
1.08000000e+01 6.27994534e-03
1.08500000e+01 5.53696213e-03
1.09000000e+01 6.69441227e-03
1.09500000e+01 3.44511530e-03
1.10000000e+01 2.92300202e-03
1.10500000e+01 1.03370746e-03
1.11000000e+01 -8.31799300e-04
1.11500000e+01 1.16352593e-04
1.12000000e+01 -1.30433649e-04
1.12500000e+01 4.00760707e-04
1.13000000e+01 1.23960108e-03
1.13500000e+01 2.59026818e-04
1.14000000e+01 5.69846919e-06
1.14500000e+01 -1.01903177e-03
1.15000000e+01 -1.30989830e-03
1.15500000e+01 -3.07645972e-03
1.16000000e+01 -1.16760593e-03
1.16500000e+01 -2.31397636e-03
1.17000000e+01 -2.59674096e-03
1.17500000e+01 -2.07637571e-03
1.18000000e+01 -6.68539300e-04
1.18500000e+01 1.04969336e-03
1.19000000e+01 2.15343261e-03
1.19500000e+01 4.44849806e-03
