# Co K-edge chi(k) - larch autobk, rbkg=1.0
0.00000000e+00 1.67048273e+00
5.00000000e-02 1.56650715e+00
1.00000000e-01 1.46554510e+00
1.50000000e-01 1.36756002e+00
2.00000000e-01 1.27251536e+00
2.50000000e-01 1.18037457e+00
3.00000000e-01 1.09110110e+00
3.50000000e-01 1.00465839e+00
4.00000000e-01 9.21009900e-01
4.50000000e-01 8.40119075e-01
5.00000000e-01 7.61949363e-01
5.50000000e-01 6.86464214e-01
6.00000000e-01 6.13627076e-01
6.50000000e-01 5.43401399e-01
7.00000000e-01 4.75750631e-01
7.50000000e-01 4.10638221e-01
8.00000000e-01 3.48027618e-01
8.50000000e-01 2.87882271e-01
9.00000000e-01 2.30200637e-01
9.50000000e-01 1.75711982e-01
1.00000000e+00 1.25837307e-01
1.05000000e+00 8.20247956e-02
1.10000000e+00 4.56562861e-02
1.15000000e+00 1.70399703e-02
1.20000000e+00 -4.38588908e-03
1.25000000e+00 -1.92308239e-02
1.30000000e+00 -2.90582946e-02
1.35000000e+00 -3.67125659e-02
1.40000000e+00 -4.50989299e-02
1.45000000e+00 -5.62671950e-02
1.50000000e+00 -7.12898028e-02
1.55000000e+00 -9.08160020e-02
1.60000000e+00 -1.12718008e-01
1.65000000e+00 -1.33615242e-01
1.70000000e+00 -1.50598433e-01
1.75000000e+00 -1.61455607e-01
1.80000000e+00 -1.65131106e-01
1.85000000e+00 -1.63966529e-01
1.90000000e+00 -1.60238291e-01
1.95000000e+00 -1.52953638e-01
2.00000000e+00 -1.40288395e-01
2.05000000e+00 -1.20884873e-01
2.10000000e+00 -9.38202544e-02
2.15000000e+00 -5.92675065e-02
2.20000000e+00 -1.85736191e-02
2.25000000e+00 2.47114683e-02
2.30000000e+00 6.48147688e-02
2.35000000e+00 9.40593112e-02
2.40000000e+00 1.08118405e-01
2.45000000e+00 1.06285672e-01
2.50000000e+00 9.31208266e-02
2.55000000e+00 7.38603530e-02
2.60000000e+00 5.41289201e-02
2.65000000e+00 4.20240628e-02
2.70000000e+00 4.26494522e-02
2.75000000e+00 5.43615255e-02
2.80000000e+00 6.67020714e-02
2.85000000e+00 6.81964963e-02
2.90000000e+00 5.54289767e-02
2.95000000e+00 3.71458598e-02
3.00000000e+00 2.19224211e-02
3.05000000e+00 1.05121106e-02
3.10000000e+00 -7.36247208e-04
3.15000000e+00 -1.32591023e-02
3.20000000e+00 -2.42725244e-02
3.25000000e+00 -3.18578097e-02
3.30000000e+00 -3.77944674e-02
3.35000000e+00 -4.19005164e-02
3.40000000e+00 -4.19901227e-02
3.45000000e+00 -3.79777251e-02
3.50000000e+00 -2.81268287e-02
3.55000000e+00 -1.44228457e-02
3.60000000e+00 1.46198061e-03
3.65000000e+00 1.97505124e-02
3.70000000e+00 3.67207465e-02
3.75000000e+00 5.01568214e-02
3.80000000e+00 5.55991651e-02
3.85000000e+00 5.32078680e-02
3.90000000e+00 4.40854241e-02
3.95000000e+00 2.86733159e-02
4.00000000e+00 1.12172007e-02
4.05000000e+00 -5.36965876e-03
4.10000000e+00 -1.92386205e-02
4.15000000e+00 -2.98124218e-02
4.20000000e+00 -3.71968452e-02
4.25000000e+00 -3.97204042e-02
4.30000000e+00 -4.06321273e-02
4.35000000e+00 -4.06345511e-02
4.40000000e+00 -4.27341755e-02
4.45000000e+00 -4.53958210e-02
4.50000000e+00 -4.69595633e-02
4.55000000e+00 -4.53070324e-02
4.60000000e+00 -4.03887083e-02
4.65000000e+00 -3.50442365e-02
4.70000000e+00 -3.10270299e-02
4.75000000e+00 -2.55389483e-02
4.80000000e+00 -1.76059835e-02
4.85000000e+00 -7.39361005e-03
4.90000000e+00 3.05180954e-03
4.95000000e+00 1.23737111e-02
5.00000000e+00 2.29620043e-02
5.05000000e+00 3.60865782e-02
5.10000000e+00 5.11591774e-02
5.15000000e+00 6.37849270e-02
5.20000000e+00 7.26167538e-02
5.25000000e+00 7.40025691e-02
5.30000000e+00 6.98788789e-02
5.35000000e+00 6.02316669e-02
5.40000000e+00 4.94791542e-02
5.45000000e+00 3.55956354e-02
5.50000000e+00 2.20227773e-02
5.55000000e+00 1.00155270e-02
5.60000000e+00 1.35075217e-03
5.65000000e+00 -9.77556554e-03
5.70000000e+00 -2.46593144e-02
5.75000000e+00 -4.03723700e-02
5.80000000e+00 -5.28322454e-02
5.85000000e+00 -6.01547942e-02
5.90000000e+00 -6.19732934e-02
5.95000000e+00 -5.75110527e-02
6.00000000e+00 -5.00646840e-02
6.05000000e+00 -3.97190632e-02
6.10000000e+00 -2.87140710e-02
6.15000000e+00 -1.88855753e-02
6.20000000e+00 -1.35438609e-02
6.25000000e+00 -1.45088195e-02
6.30000000e+00 -1.78209920e-02
6.35000000e+00 -1.99938283e-02
6.40000000e+00 -1.54928170e-02
6.45000000e+00 -1.21693993e-03
6.50000000e+00 1.98156401e-02
6.55000000e+00 4.03836014e-02
6.60000000e+00 5.52380985e-02
6.65000000e+00 6.47438038e-02
6.70000000e+00 7.12268770e-02
6.75000000e+00 7.43161777e-02
6.80000000e+00 7.24073813e-02
6.85000000e+00 6.32298414e-02
6.90000000e+00 4.90984004e-02
6.95000000e+00 2.82657547e-02
7.00000000e+00 2.22760622e-03
7.05000000e+00 -2.45412332e-02
7.10000000e+00 -4.87678899e-02
7.15000000e+00 -6.42625694e-02
7.20000000e+00 -6.75581891e-02
7.25000000e+00 -6.21277013e-02
7.30000000e+00 -4.85172708e-02
7.35000000e+00 -3.50963440e-02
7.40000000e+00 -2.18877380e-02
7.45000000e+00 -1.08639271e-02
7.50000000e+00 -3.35055607e-03
7.55000000e+00 -4.86454595e-04
7.60000000e+00 1.38602219e-04
7.65000000e+00 -1.19861457e-03
7.70000000e+00 -3.61137091e-03
7.75000000e+00 -7.15392307e-03
7.80000000e+00 -1.22097995e-02
7.85000000e+00 -1.46675489e-02
7.90000000e+00 -9.92121365e-03
7.95000000e+00 8.68132637e-04
8.00000000e+00 1.41445429e-02
8.05000000e+00 2.50574755e-02
8.10000000e+00 3.42638908e-02
8.15000000e+00 3.97274993e-02
8.20000000e+00 4.34685163e-02
8.25000000e+00 4.06154658e-02
8.30000000e+00 3.38264916e-02
8.35000000e+00 2.26991712e-02
8.40000000e+00 9.40933791e-03
8.45000000e+00 -3.58014263e-03
8.50000000e+00 -1.22451212e-02
8.55000000e+00 -1.77126863e-02
8.60000000e+00 -1.96505218e-02
8.65000000e+00 -1.85915216e-02
8.70000000e+00 -1.86614348e-02
8.75000000e+00 -1.82562397e-02
8.80000000e+00 -1.80877759e-02
8.85000000e+00 -1.79216620e-02
8.90000000e+00 -1.72807085e-02
8.95000000e+00 -1.50257869e-02
9.00000000e+00 -1.10441595e-02
9.05000000e+00 -7.29658947e-03
9.10000000e+00 -4.05061576e-03
9.15000000e+00 -8.40061394e-04
9.20000000e+00 1.63287945e-03
9.25000000e+00 3.55355159e-03
9.30000000e+00 6.70884784e-03
9.35000000e+00 1.05534290e-02
9.40000000e+00 1.44058176e-02
9.45000000e+00 1.83957537e-02
9.50000000e+00 1.95438299e-02
9.55000000e+00 1.82900462e-02
9.60000000e+00 1.55778541e-02
9.65000000e+00 9.77207187e-03
9.70000000e+00 4.79365902e-03
9.75000000e+00 8.14824257e-04
9.80000000e+00 -9.42786717e-04
9.85000000e+00 1.63677654e-04
9.90000000e+00 4.65809387e-04
9.95000000e+00 9.19275979e-04
1.00000000e+01 -2.59682532e-03
1.00500000e+01 -7.29069819e-03
1.01000000e+01 -1.04604181e-02
1.01500000e+01 -1.12837557e-02
1.02000000e+01 -1.10149472e-02
1.02500000e+01 -1.11276138e-02
1.03000000e+01 -1.05065529e-02
1.03500000e+01 -9.31245062e-03
1.04000000e+01 -8.56232809e-03
1.04500000e+01 -6.41587073e-03
1.05000000e+01 -4.80804496e-03
1.05500000e+01 -2.88672673e-03
1.06000000e+01 -4.82305193e-04
1.06500000e+01 1.37034519e-03
1.07000000e+01 3.49977085e-03
1.07500000e+01 5.57152678e-03
1.08000000e+01 7.12900820e-03
1.08500000e+01 7.92515588e-03
1.09000000e+01 7.91456148e-03
1.09500000e+01 6.87054634e-03
1.10000000e+01 4.62257883e-03
1.10500000e+01 2.84253511e-03
1.11000000e+01 7.00668138e-04
1.11500000e+01 -7.06364826e-05
1.12000000e+01 8.48278758e-06
1.12500000e+01 7.95181091e-04
1.13000000e+01 1.92847273e-03
1.13500000e+01 1.75451568e-03
1.14000000e+01 1.77498483e-03
1.14500000e+01 2.27230186e-05
1.15000000e+01 -1.29184343e-03
1.15500000e+01 -1.82790330e-03
1.16000000e+01 -2.39355693e-03
1.16500000e+01 -2.45217952e-03
1.17000000e+01 -2.88147815e-03
1.17500000e+01 -2.80820256e-03
