0.00000000e+00 1.22938280e+00
5.00000000e-02 1.09541618e+00
1.00000000e-01 9.74789921e-01
1.50000000e-01 8.66424161e-01
2.00000000e-01 7.69239050e-01
2.50000000e-01 6.82154737e-01
3.00000000e-01 6.04091369e-01
3.50000000e-01 5.33969097e-01
4.00000000e-01 4.70708066e-01
4.50000000e-01 4.13228426e-01
5.00000000e-01 3.60450325e-01
5.50000000e-01 3.11293911e-01
6.00000000e-01 2.64679331e-01
6.50000000e-01 2.19526735e-01
7.00000000e-01 1.74756271e-01
7.50000000e-01 1.29288086e-01
8.00000000e-01 8.20423289e-02
8.50000000e-01 3.19391477e-02
9.00000000e-01 -2.21003721e-02
9.50000000e-01 -8.00817795e-02
1.00000000e+00 -1.38872557e-01
1.05000000e+00 -1.94769754e-01
1.10000000e+00 -2.44070420e-01
1.15000000e+00 -2.83071603e-01
1.20000000e+00 -3.09054902e-01
1.25000000e+00 -3.23556818e-01
1.30000000e+00 -3.29263018e-01
1.35000000e+00 -3.28859189e-01
1.40000000e+00 -3.24591102e-01
1.45000000e+00 -3.15391000e-01
1.50000000e+00 -2.98681260e-01
1.55000000e+00 -2.71877421e-01
1.60000000e+00 -2.32640681e-01
1.65000000e+00 -1.79219141e-01
1.70000000e+00 -1.09946696e-01
1.75000000e+00 -2.47774627e-02
1.80000000e+00 6.81925795e-02
1.85000000e+00 1.58314346e-01
1.90000000e+00 2.33339435e-01
1.95000000e+00 2.77342232e-01
2.00000000e+00 2.87750899e-01
2.05000000e+00 2.72003353e-01
2.10000000e+00 2.37999574e-01
2.15000000e+00 1.94689282e-01
2.20000000e+00 1.51267473e-01
2.25000000e+00 1.16310855e-01
2.30000000e+00 9.77597605e-02
2.35000000e+00 1.00020999e-01
2.40000000e+00 1.17989765e-01
2.45000000e+00 1.43116429e-01
2.50000000e+00 1.56420011e-01
2.55000000e+00 1.37905300e-01
2.60000000e+00 9.13166334e-02
2.65000000e+00 3.31366081e-02
2.70000000e+00 -1.78766459e-02
2.75000000e+00 -4.66572391e-02
2.80000000e+00 -7.21290164e-02
2.85000000e+00 -9.80190399e-02
2.90000000e+00 -1.14652463e-01
2.95000000e+00 -1.22215853e-01
3.00000000e+00 -1.23448747e-01
3.05000000e+00 -1.18706032e-01
3.10000000e+00 -1.07434062e-01
3.15000000e+00 -8.86459315e-02
3.20000000e+00 -6.56780771e-02
3.25000000e+00 -4.30289887e-02
3.30000000e+00 -1.83986598e-02
3.35000000e+00 5.72512635e-03
3.40000000e+00 2.76135782e-02
3.45000000e+00 4.65411049e-02
3.50000000e+00 5.77878831e-02
3.55000000e+00 5.49251575e-02
3.60000000e+00 3.34950507e-02
3.65000000e+00 3.08001281e-03
3.70000000e+00 -2.82560218e-02
3.75000000e+00 -5.67526212e-02
3.80000000e+00 -6.73600649e-02
3.85000000e+00 -7.52980708e-02
3.90000000e+00 -7.86496573e-02
3.95000000e+00 -7.16751632e-02
4.00000000e+00 -5.95264660e-02
4.05000000e+00 -4.30979747e-02
4.10000000e+00 -2.96665805e-02
4.15000000e+00 -2.47265068e-02
4.20000000e+00 -2.45191599e-02
4.25000000e+00 -1.91310042e-02
4.30000000e+00 -1.25864019e-02
4.35000000e+00 1.57302391e-03
4.40000000e+00 1.05617452e-02
4.45000000e+00 9.53410296e-03
4.50000000e+00 8.82325046e-03
4.55000000e+00 1.81381427e-02
4.60000000e+00 3.86747509e-02
4.65000000e+00 5.40667362e-02
4.70000000e+00 6.17531387e-02
4.75000000e+00 7.07021359e-02
4.80000000e+00 8.21248256e-02
4.85000000e+00 9.56099938e-02
4.90000000e+00 1.13790742e-01
4.95000000e+00 1.16713788e-01
5.00000000e+00 1.10988842e-01
5.05000000e+00 9.91139994e-02
5.10000000e+00 7.63774231e-02
5.15000000e+00 4.34477103e-02
5.20000000e+00 1.77556651e-02
5.25000000e+00 -3.95351205e-03
5.30000000e+00 -2.45313887e-02
5.35000000e+00 -3.58992972e-02
5.40000000e+00 -4.76899344e-02
5.45000000e+00 -6.06533686e-02
5.50000000e+00 -8.32948125e-02
5.55000000e+00 -1.00320877e-01
5.60000000e+00 -1.17009480e-01
5.65000000e+00 -1.19650823e-01
5.70000000e+00 -1.10471350e-01
5.75000000e+00 -9.23309024e-02
5.80000000e+00 -6.49711851e-02
5.85000000e+00 -5.02590574e-02
5.90000000e+00 -2.96387495e-02
5.95000000e+00 -1.84830969e-02
6.00000000e+00 -1.43285139e-02
6.05000000e+00 -1.01029167e-02
6.10000000e+00 -6.22032994e-03
6.15000000e+00 1.92532638e-03
6.20000000e+00 2.45423407e-02
6.25000000e+00 5.76065713e-02
6.30000000e+00 9.22631450e-02
6.35000000e+00 1.11748994e-01
6.40000000e+00 1.20021105e-01
6.45000000e+00 1.19488367e-01
6.50000000e+00 1.10335563e-01
6.55000000e+00 9.61941817e-02
6.60000000e+00 7.28062884e-02
6.65000000e+00 4.64166024e-02
6.70000000e+00 1.05476158e-02
6.75000000e+00 -2.46932122e-02
6.80000000e+00 -6.02604325e-02
6.85000000e+00 -9.13670234e-02
6.90000000e+00 -1.17283236e-01
6.95000000e+00 -1.18792178e-01
7.00000000e+00 -1.11592615e-01
7.05000000e+00 -8.43972668e-02
7.10000000e+00 -4.99616573e-02
7.15000000e+00 -2.35415594e-02
7.20000000e+00 -7.67573102e-03
7.25000000e+00 6.81475079e-03
7.30000000e+00 8.94490284e-03
7.35000000e+00 6.69879601e-03
7.40000000e+00 4.90499167e-03
7.45000000e+00 4.38912032e-03
7.50000000e+00 8.16015263e-03
7.55000000e+00 3.16899291e-03
7.60000000e+00 8.56129489e-04
7.65000000e+00 4.27806400e-03
7.70000000e+00 1.78385376e-02
7.75000000e+00 3.55535702e-02
7.80000000e+00 5.46553066e-02
7.85000000e+00 6.49071108e-02
7.90000000e+00 6.76388079e-02
7.95000000e+00 6.18688109e-02
8.00000000e+00 4.88134078e-02
8.05000000e+00 4.25362747e-02
8.10000000e+00 2.72066043e-02
8.15000000e+00 1.19966834e-03
8.20000000e+00 -1.96269009e-02
8.25000000e+00 -3.50039132e-02
8.30000000e+00 -3.90590383e-02
8.35000000e+00 -4.27152219e-02
8.40000000e+00 -4.52489523e-02
8.45000000e+00 -3.57384694e-02
8.50000000e+00 -3.11930134e-02
8.55000000e+00 -2.81759700e-02
8.60000000e+00 -2.74238228e-02
8.65000000e+00 -2.22072397e-02
8.70000000e+00 -1.33434642e-02
8.75000000e+00 -1.10059865e-02
8.80000000e+00 -1.69804114e-04
8.85000000e+00 8.41673502e-03
8.90000000e+00 5.33977664e-03
8.95000000e+00 1.09459452e-02
9.00000000e+00 1.75669096e-02
9.05000000e+00 1.93652899e-02
9.10000000e+00 2.33524550e-02
9.15000000e+00 2.76762910e-02
9.20000000e+00 2.66199896e-02
9.25000000e+00 2.63844995e-02
9.30000000e+00 2.40717076e-02
9.35000000e+00 1.18801603e-02
9.40000000e+00 1.23492374e-02
9.45000000e+00 1.37100359e-03
9.50000000e+00 -9.37692594e-03
9.55000000e+00 -5.66594073e-03
9.60000000e+00 -1.00087144e-02
9.65000000e+00 -1.00087111e-02
9.70000000e+00 -1.11850903e-02
9.75000000e+00 -1.87895678e-02
9.80000000e+00 -1.94072322e-02
9.85000000e+00 -2.48706503e-02
9.90000000e+00 -2.18136968e-02
9.95000000e+00 -2.16337082e-02
1.00000000e+01 -1.84785290e-02
1.00500000e+01 -1.60005908e-02
1.01000000e+01 -9.10744439e-03
1.01500000e+01 -9.86912495e-03
1.02000000e+01 -2.50297056e-03
1.02500000e+01 -2.08680908e-03
1.03000000e+01 7.97902309e-03
1.03500000e+01 6.89744920e-03
1.04000000e+01 1.26797565e-02
1.04500000e+01 1.12491591e-02
1.05000000e+01 1.54051473e-02
1.05500000e+01 1.44713160e-02
1.06000000e+01 1.67214712e-02
1.06500000e+01 1.09954846e-02
1.07000000e+01 1.49270020e-02
1.07500000e+01 4.01793283e-03
1.08000000e+01 4.33694127e-03
1.08500000e+01 -7.13470576e-04
1.09000000e+01 4.78726086e-04
1.09500000e+01 1.33224071e-04
1.10000000e+01 -1.67812331e-03
1.10500000e+01 7.93754209e-05
1.11000000e+01 -1.95058824e-03
1.11500000e+01 -1.55438664e-03
1.12000000e+01 -3.01618667e-03
1.12500000e+01 -5.35435424e-03
1.13000000e+01 -4.29654428e-03
1.13500000e+01 -6.18805458e-03
1.14000000e+01 -3.55759588e-03
1.14500000e+01 -2.25700919e-03
1.15000000e+01 -4.78488582e-03
1.15500000e+01 2.60707833e-04
1.16000000e+01 1.79235727e-03
1.16500000e+01 -1.29902787e-03
1.17000000e+01 2.30669815e-03
1.17500000e+01 7.07971324e-03
1.18000000e+01 7.92878303e-03
1.18500000e+01 1.09350107e-02
1.19000000e+01 1.48517296e-02
1.19500000e+01 8.59407834e-03
1.20000000e+01 8.65646083e-03
1.20500000e+01 4.12651010e-03
1.21000000e+01 3.23718385e-03
1.21500000e+01 2.17609328e-03
1.22000000e+01 1.92935761e-03
1.22500000e+01 -9.73617483e-04
1.23000000e+01 -4.75792146e-03
1.23500000e+01 -2.27571048e-03
1.24000000e+01 -2.66813778e-03
1.24500000e+01 -4.41693707e-03
1.25000000e+01 -1.21112146e-03
1.25500000e+01 -3.92689933e-03
1.26000000e+01 -6.74971310e-03
1.26500000e+01 -5.93124131e-03
1.27000000e+01 -5.30009261e-03
1.27500000e+01 -7.94530828e-03
1.28000000e+01 -1.04474559e-02
1.28500000e+01 -9.76847102e-03
1.29000000e+01 -1.02046390e-02
1.29500000e+01 -8.79400037e-03
1.30000000e+01 -1.00827463e-02
1.30500000e+01 -9.65847491e-03
1.31000000e+01 -9.93215466e-03
1.31500000e+01 -1.05332964e-02
1.32000000e+01 -1.41046862e-02
1.32500000e+01 -1.13944183e-02
1.33000000e+01 -1.10375984e-02
1.33500000e+01 -1.26655876e-02
1.34000000e+01 -2.97415387e-03
1.34500000e+01 2.89097686e-02
1.35000000e+01 2.69707427e-02
1.35500000e+01 1.90724583e-02
1.36000000e+01 1.47954154e-02
1.36500000e+01 7.86331832e-03
1.37000000e+01 6.17883915e-03
1.37500000e+01 9.32998448e-03
1.38000000e+01 6.95189825e-03
1.38500000e+01 5.33926672e-03
1.39000000e+01 7.81860402e-03
1.39500000e+01 6.34062348e-03
1.40000000e+01 5.00050659e-03
1.40500000e+01 2.28753832e-03
1.41000000e+01 5.98811379e-03
1.41500000e+01 4.45301192e-03
1.42000000e+01 3.01819013e-03
1.42500000e+01 2.13390175e-03
1.43000000e+01 6.06067763e-04
1.43500000e+01 1.93148403e-03
1.44000000e+01 -8.22228782e-04
1.44500000e+01 -1.06850818e-03
1.45000000e+01 -9.06525112e-04
1.45500000e+01 -1.61087925e-03
1.46000000e+01 -4.04425639e-03
1.46500000e+01 -9.15007630e-04
1.47000000e+01 -7.94630913e-04
1.47500000e+01 -2.45300896e-03
1.48000000e+01 -2.28725016e-04
1.48500000e+01 -4.56450115e-04
1.49000000e+01 -3.37449882e-03
1.49500000e+01 -3.87924180e-03
1.50000000e+01 -4.20132806e-03
1.50500000e+01 -5.29302784e-03
1.51000000e+01 -7.21476938e-03
1.51500000e+01 -6.10392377e-03
1.52000000e+01 -4.30095020e-03
1.52500000e+01 -6.42049820e-03
1.53000000e+01 -6.47922589e-03
1.53500000e+01 -7.94155464e-03
1.54000000e+01 -1.56144476e-03
1.54500000e+01 -4.06923013e-03
1.55000000e+01 -3.43693652e-03
1.55500000e+01 -4.05065088e-03
1.56000000e+01 -2.80035589e-03
1.56500000e+01 -2.26842102e-03
1.57000000e+01 -1.11796910e-03
1.57500000e+01 -1.49639372e-03
1.58000000e+01 1.24821473e-03
1.58500000e+01 -1.32689430e-04
1.59000000e+01 2.66790349e-03
1.59500000e+01 2.53665961e-03
1.60000000e+01 6.31817099e-03
1.60500000e+01 4.93667457e-03
1.61000000e+01 8.00174584e-03
1.61500000e+01 1.09313130e-02
1.62000000e+01 9.51487987e-03
1.62500000e+01 7.63988676e-03
1.63000000e+01 1.12873985e-02
