# energy(eV)  mu(E) - Co K-edge from Athena project
7.50112000e+03 2.08930219e-01
7.50249000e+03 2.07149933e-01
7.50387000e+03 2.06164215e-01
7.50525000e+03 2.04325191e-01
7.50663000e+03 2.03472131e-01
7.50801000e+03 2.01785074e-01
7.50939000e+03 2.00619785e-01
7.51077000e+03 1.98813973e-01
7.51215000e+03 1.97168296e-01
7.51353000e+03 1.96019806e-01
7.51486000e+03 1.94911964e-01
7.51624000e+03 1.93273861e-01
7.51762000e+03 1.91644628e-01
7.51901000e+03 1.89963119e-01
7.52039000e+03 1.88438643e-01
7.52178000e+03 1.86925111e-01
7.52316000e+03 1.85498173e-01
7.52455000e+03 1.84818437e-01
7.52594000e+03 1.82284056e-01
7.52732000e+03 1.80713598e-01
7.52871000e+03 1.79121442e-01
7.53010000e+03 1.77867485e-01
7.53149000e+03 1.76655535e-01
7.53288000e+03 1.74884806e-01
7.53427000e+03 1.73651581e-01
7.53560000e+03 1.71579062e-01
7.53699000e+03 1.70116544e-01
7.53838000e+03 1.69109663e-01
7.53977000e+03 1.67517516e-01
7.54117000e+03 1.66051582e-01
7.54256000e+03 1.65093163e-01
7.54395000e+03 1.63185457e-01
7.54535000e+03 1.61243466e-01
7.54674000e+03 1.59699258e-01
7.54814000e+03 1.58948011e-01
7.54953000e+03 1.57195183e-01
7.55093000e+03 1.55288604e-01
7.55226000e+03 1.53521625e-01
7.55366000e+03 1.52351061e-01
7.55506000e+03 1.50854109e-01
7.55646000e+03 1.49415199e-01
7.55786000e+03 1.48352761e-01
7.55926000e+03 1.46815270e-01
7.56066000e+03 1.45294436e-01
7.56206000e+03 1.43248899e-01
7.56346000e+03 1.41773830e-01
7.56486000e+03 1.40287022e-01
7.56626000e+03 1.38689193e-01
7.56767000e+03 1.37548189e-01
7.56907000e+03 1.35763525e-01
7.57047000e+03 1.34606065e-01
7.57188000e+03 1.32718938e-01
7.57322000e+03 1.31172989e-01
7.57463000e+03 1.29864428e-01
7.57603000e+03 1.28281511e-01
7.57744000e+03 1.27053708e-01
7.57885000e+03 1.24762180e-01
7.58025000e+03 1.23524743e-01
7.58166000e+03 1.21974240e-01
7.58307000e+03 1.20629647e-01
7.58448000e+03 1.19362233e-01
7.58589000e+03 1.18015897e-01
7.58730000e+03 1.15476377e-01
7.58871000e+03 1.14737514e-01
7.59006000e+03 1.13120628e-01
7.59147000e+03 1.11827559e-01
7.59288000e+03 1.10183566e-01
7.59430000e+03 1.08275762e-01
7.59571000e+03 1.07483061e-01
7.59712000e+03 1.05590789e-01
7.59854000e+03 1.04222168e-01
7.59995000e+03 1.02683837e-01
7.60137000e+03 1.01449478e-01
7.60279000e+03 9.97358267e-02
7.60420000e+03 9.76093529e-02
7.60562000e+03 9.63741590e-02
7.60704000e+03 9.51783529e-02
7.60846000e+03 9.41276627e-02
7.60988000e+03 9.22327220e-02
7.61123000e+03 9.12966819e-02
7.61265000e+03 8.98873208e-02
7.61407000e+03 8.81976731e-02
7.61550000e+03 8.66152152e-02
7.61692000e+03 8.53975755e-02
7.61834000e+03 8.35421161e-02
7.61976000e+03 8.22663873e-02
7.62119000e+03 8.07925803e-02
7.62261000e+03 7.92380764e-02
7.62403000e+03 7.72202668e-02
7.62546000e+03 7.61440408e-02
7.62689000e+03 7.48838853e-02
7.62831000e+03 7.37809901e-02
7.62974000e+03 7.22676369e-02
7.63117000e+03 7.04696472e-02
7.63253000e+03 6.95381894e-02
7.63396000e+03 6.81818761e-02
7.63539000e+03 6.63634175e-02
7.63682000e+03 6.48950201e-02
7.63825000e+03 6.37388265e-02
7.63968000e+03 6.19160229e-02
7.64111000e+03 6.08711797e-02
7.64254000e+03 5.95369717e-02
7.64397000e+03 5.81122921e-02
7.64541000e+03 5.60419019e-02
7.64684000e+03 5.45980277e-02
7.64827000e+03 5.35910026e-02
7.64971000e+03 5.21160558e-02
7.65114000e+03 5.09782448e-02
7.65252000e+03 4.95156153e-02
7.65395000e+03 4.77763171e-02
7.65539000e+03 4.66478711e-02
7.65683000e+03 4.55410821e-02
7.65826000e+03 4.33056277e-02
7.65970000e+03 4.28573618e-02
7.66114000e+03 4.09931799e-02
7.66258000e+03 3.97696009e-02
7.66402000e+03 3.80219180e-02
7.66546000e+03 3.69729966e-02
7.66690000e+03 3.59017499e-02
7.66834000e+03 3.40554732e-02
7.66979000e+03 3.31117065e-02
7.67123000e+03 3.14802560e-02
7.67261000e+03 3.01401866e-02
7.67405000e+03 2.87468222e-02
7.67550000e+03 2.79332098e-02
7.67694000e+03 2.61062471e-02
7.67839000e+03 2.49433129e-02
7.67983000e+03 2.41490503e-02
7.68128000e+03 2.27228690e-02
7.68273000e+03 2.13729623e-02
7.68418000e+03 1.98565474e-02
7.68562000e+03 1.96957588e-02
7.68707000e+03 1.82209850e-02
7.68852000e+03 1.63742080e-02
7.68997000e+03 1.61557896e-02
7.69142000e+03 1.50876075e-02
7.69288000e+03 1.44875469e-02
7.69426000e+03 1.36099629e-02
7.69572000e+03 1.36454756e-02
7.69717000e+03 1.22318845e-02
7.69862000e+03 1.27543168e-02
7.70008000e+03 1.31846986e-02
7.70153000e+03 1.32735158e-02
7.70299000e+03 1.48531439e-02
7.70444000e+03 1.70429405e-02
7.70590000e+03 2.04122454e-02
7.70736000e+03 2.63419833e-02
7.70881000e+03 3.98359085e-02
7.71027000e+03 8.65088341e-02
7.71167000e+03 2.31546547e-01
7.71313000e+03 4.23623901e-01
7.71459000e+03 5.50820652e-01
7.71605000e+03 6.05585107e-01
7.71751000e+03 6.66753409e-01
7.71897000e+03 7.68468916e-01
7.72043000e+03 8.81554763e-01
7.72189000e+03 1.01906896e+00
7.72336000e+03 1.19396035e+00
7.72482000e+03 1.39228637e+00
7.72628000e+03 1.57301809e+00
7.72775000e+03 1.67920201e+00
7.72921000e+03 1.69879331e+00
7.73068000e+03 1.67094798e+00
7.73215000e+03 1.63933006e+00
7.73355000e+03 1.64761423e+00
7.73502000e+03 1.69641712e+00
7.73649000e+03 1.73139286e+00
7.73796000e+03 1.71291195e+00
7.73943000e+03 1.67373578e+00
7.74090000e+03 1.64664352e+00
7.74237000e+03 1.62377504e+00
7.74384000e+03 1.59687574e+00
7.74531000e+03 1.57473901e+00
7.74678000e+03 1.56123563e+00
7.74825000e+03 1.55049904e+00
7.74973000e+03 1.54918353e+00
7.75120000e+03 1.55780898e+00
7.75261000e+03 1.57901520e+00
7.75409000e+03 1.60960970e+00
7.75556000e+03 1.64440266e+00
7.75704000e+03 1.68316874e+00
7.75852000e+03 1.71602284e+00
7.75999000e+03 1.73841284e+00
7.76147000e+03 1.74125727e+00
7.76295000e+03 1.73002501e+00
7.76443000e+03 1.70461754e+00
7.76591000e+03 1.66961726e+00
7.76739000e+03 1.63397129e+00
7.76887000e+03 1.60117023e+00
7.77035000e+03 1.57445426e+00
7.77184000e+03 1.55339039e+00
7.77325000e+03 1.53908669e+00
7.77474000e+03 1.53232596e+00
7.77622000e+03 1.52800614e+00
7.77771000e+03 1.52556836e+00
7.77919000e+03 1.52012746e+00
7.78068000e+03 1.51216769e+00
7.78216000e+03 1.50609225e+00
7.78365000e+03 1.50178989e+00
7.78514000e+03 1.50411695e+00
7.78663000e+03 1.51014164e+00
7.78812000e+03 1.51656664e+00
7.78960000e+03 1.52008831e+00
7.79109000e+03 1.52620803e+00
7.79258000e+03 1.53313920e+00
7.79401000e+03 1.54491326e+00
7.79550000e+03 1.55883259e+00
7.79699000e+03 1.57329143e+00
7.79849000e+03 1.58552199e+00
7.79998000e+03 1.59850820e+00
7.80147000e+03 1.61337037e+00
7.80297000e+03 1.63173781e+00
7.80446000e+03 1.65218126e+00
7.80596000e+03 1.67270844e+00
7.80746000e+03 1.68633043e+00
7.80895000e+03 1.69689699e+00
7.81045000e+03 1.69780349e+00
7.81195000e+03 1.69187431e+00
7.81345000e+03 1.68044720e+00
7.81488000e+03 1.66383083e+00
7.81638000e+03 1.64696334e+00
7.81788000e+03 1.62544531e+00
7.81938000e+03 1.60332245e+00
7.82089000e+03 1.58163723e+00
7.82239000e+03 1.56069988e+00
7.82389000e+03 1.54471313e+00
7.82539000e+03 1.53064121e+00
7.82690000e+03 1.51385698e+00
7.82840000e+03 1.49298207e+00
7.82991000e+03 1.46934331e+00
7.83141000e+03 1.44523451e+00
7.83292000e+03 1.42486077e+00
7.83436000e+03 1.40775958e+00
7.83587000e+03 1.39569281e+00
7.83738000e+03 1.38891517e+00
7.83889000e+03 1.38705332e+00
7.84040000e+03 1.39161369e+00
7.84191000e+03 1.39734384e+00
7.84342000e+03 1.40770060e+00
7.84493000e+03 1.41954682e+00
7.84644000e+03 1.43092183e+00
7.84795000e+03 1.44418206e+00
7.84946000e+03 1.45531703e+00
7.85098000e+03 1.46276014e+00
7.85249000e+03 1.46616528e+00
7.85401000e+03 1.46412100e+00
7.85552000e+03 1.45726062e+00
7.85697000e+03 1.45184752e+00
7.85849000e+03 1.44562945e+00
7.86001000e+03 1.44367561e+00
7.86153000e+03 1.44733419e+00
7.86304000e+03 1.45764665e+00
7.86456000e+03 1.47693456e+00
7.86608000e+03 1.50047692e+00
7.86760000e+03 1.52509106e+00
7.86912000e+03 1.54771888e+00
7.87064000e+03 1.56736868e+00
7.87217000e+03 1.57923146e+00
7.87369000e+03 1.58825329e+00
7.87521000e+03 1.59726573e+00
7.87674000e+03 1.60157125e+00
7.87820000e+03 1.60420243e+00
7.87972000e+03 1.60401101e+00
7.88125000e+03 1.59962795e+00
7.88277000e+03 1.59275858e+00
7.88430000e+03 1.57825432e+00
7.88583000e+03 1.56121485e+00
7.88736000e+03 1.54088066e+00
7.88888000e+03 1.51609621e+00
7.89041000e+03 1.48627362e+00
7.89194000e+03 1.45390768e+00
7.89347000e+03 1.42014612e+00
7.89501000e+03 1.38714825e+00
7.89654000e+03 1.35485607e+00
7.89807000e+03 1.32702832e+00
7.89954000e+03 1.30673533e+00
7.90107000e+03 1.28983027e+00
7.90260000e+03 1.28383879e+00
7.90414000e+03 1.28151784e+00
7.90567000e+03 1.28566154e+00
7.90721000e+03 1.29592070e+00
7.90875000e+03 1.30935716e+00
7.91028000e+03 1.32222560e+00
7.91182000e+03 1.33388386e+00
7.91336000e+03 1.34648461e+00
7.91490000e+03 1.35727561e+00
7.91644000e+03 1.36738470e+00
7.91798000e+03 1.37478893e+00
7.91945000e+03 1.38062683e+00
7.92100000e+03 1.38310277e+00
7.92254000e+03 1.38375865e+00
7.92408000e+03 1.38112829e+00
7.92563000e+03 1.37976560e+00
7.92717000e+03 1.37644703e+00
7.92871000e+03 1.37202428e+00
7.93026000e+03 1.36743590e+00
7.93181000e+03 1.36160251e+00
7.93335000e+03 1.35470642e+00
7.93490000e+03 1.34873890e+00
7.93645000e+03 1.34010643e+00
7.93800000e+03 1.33278888e+00
7.93955000e+03 1.32563285e+00
7.94109000e+03 1.32397311e+00
7.94258000e+03 1.32416254e+00
7.94413000e+03 1.33080491e+00
7.94568000e+03 1.33887172e+00
7.94723000e+03 1.34846788e+00
7.94879000e+03 1.36030684e+00
7.95034000e+03 1.36959571e+00
7.95189000e+03 1.37826773e+00
7.95345000e+03 1.38613585e+00
7.95500000e+03 1.39381625e+00
7.95656000e+03 1.39713761e+00
7.95812000e+03 1.40035899e+00
7.95967000e+03 1.40253698e+00
7.96123000e+03 1.40417996e+00
7.96272000e+03 1.40269562e+00
7.96428000e+03 1.39695879e+00
7.96584000e+03 1.38994868e+00
7.96740000e+03 1.38127202e+00
7.96896000e+03 1.36889664e+00
7.97052000e+03 1.35498247e+00
7.97209000e+03 1.34130432e+00
7.97365000e+03 1.32466228e+00
7.97521000e+03 1.30989997e+00
7.97678000e+03 1.29342358e+00
7.97834000e+03 1.28007514e+00
7.97991000e+03 1.26882022e+00
7.98147000e+03 1.25877060e+00
7.98304000e+03 1.25083225e+00
7.98454000e+03 1.24375682e+00
7.98611000e+03 1.23787614e+00
7.98768000e+03 1.23515892e+00
7.98925000e+03 1.23275237e+00
7.99081000e+03 1.23205518e+00
7.99239000e+03 1.23065553e+00
7.99396000e+03 1.22721774e+00
7.99553000e+03 1.22460656e+00
7.99710000e+03 1.22259356e+00
7.99867000e+03 1.22125019e+00
8.00025000e+03 1.21897422e+00
8.00182000e+03 1.21512548e+00
8.00340000e+03 1.21350404e+00
8.00490000e+03 1.21120380e+00
8.00648000e+03 1.20858296e+00
8.00806000e+03 1.20839720e+00
8.00963000e+03 1.20856833e+00
8.01121000e+03 1.20750496e+00
8.01279000e+03 1.20870987e+00
8.01437000e+03 1.21021180e+00
8.01595000e+03 1.21003499e+00
8.01753000e+03 1.21175018e+00
8.01911000e+03 1.21404828e+00
8.02070000e+03 1.21391135e+00
8.02228000e+03 1.21339052e+00
8.02386000e+03 1.21329185e+00
8.02545000e+03 1.21542092e+00
8.02703000e+03 1.21432385e+00
8.02855000e+03 1.21457530e+00
8.03013000e+03 1.21447199e+00
8.03172000e+03 1.21313223e+00
8.03331000e+03 1.21298448e+00
8.03489000e+03 1.21323775e+00
8.03648000e+03 1.21573881e+00
8.03807000e+03 1.21556090e+00
8.03966000e+03 1.21737292e+00
8.04125000e+03 1.21819134e+00
8.04284000e+03 1.21909272e+00
8.04443000e+03 1.22040918e+00
8.04603000e+03 1.22145156e+00
8.04755000e+03 1.22231554e+00
8.04914000e+03 1.21992273e+00
8.05074000e+03 1.21624035e+00
8.05233000e+03 1.21301272e+00
8.05393000e+03 1.20928746e+00
8.05552000e+03 1.20483963e+00
8.05712000e+03 1.19949961e+00
8.05872000e+03 1.19163561e+00
8.06032000e+03 1.18455234e+00
8.06192000e+03 1.17760799e+00
8.06352000e+03 1.17142337e+00
8.06512000e+03 1.16441720e+00
8.06672000e+03 1.15930373e+00
8.06832000e+03 1.15328228e+00
8.06992000e+03 1.14803305e+00
8.07145000e+03 1.14583837e+00
8.07306000e+03 1.14318596e+00
8.07466000e+03 1.14203378e+00
8.07627000e+03 1.14194186e+00
8.07787000e+03 1.13986203e+00
8.07948000e+03 1.13702659e+00
8.08108000e+03 1.13549566e+00
8.08269000e+03 1.13335633e+00
8.08430000e+03 1.13003796e+00
8.08591000e+03 1.12381632e+00
8.08752000e+03 1.11788046e+00
8.08913000e+03 1.11103777e+00
8.09074000e+03 1.10525319e+00
8.09228000e+03 1.09912416e+00
8.09389000e+03 1.09470466e+00
8.09550000e+03 1.09169341e+00
8.09712000e+03 1.08780914e+00
8.09873000e+03 1.08596633e+00
8.10035000e+03 1.08341371e+00
8.10196000e+03 1.08187839e+00
8.10358000e+03 1.07882174e+00
8.10519000e+03 1.07707604e+00
8.10681000e+03 1.07462180e+00
8.10843000e+03 1.07313139e+00
8.11005000e+03 1.07126816e+00
8.11167000e+03 1.06975626e+00
8.11329000e+03 1.06805239e+00
8.11491000e+03 1.06775438e+00
8.11646000e+03 1.06511307e+00
8.11808000e+03 1.06385796e+00
8.11970000e+03 1.06337156e+00
8.12133000e+03 1.06274812e+00
8.12295000e+03 1.06232894e+00
8.12457000e+03 1.06173217e+00
8.12620000e+03 1.05993279e+00
8.12783000e+03 1.05998372e+00
8.12945000e+03 1.05835784e+00
8.13108000e+03 1.05866838e+00
8.13271000e+03 1.05844772e+00
8.13434000e+03 1.05719428e+00
8.13597000e+03 1.05740307e+00
8.13760000e+03 1.05571801e+00
8.13916000e+03 1.05491464e+00
8.14079000e+03 1.05506540e+00
8.14242000e+03 1.05356332e+00
8.14405000e+03 1.05340674e+00
8.14568000e+03 1.05242558e+00
8.14732000e+03 1.05168209e+00
8.14895000e+03 1.05061846e+00
8.15059000e+03 1.04922770e+00
8.15222000e+03 1.04816811e+00
8.15386000e+03 1.04608736e+00
8.15550000e+03 1.04371743e+00
8.15714000e+03 1.04228106e+00
8.15878000e+03 1.03882973e+00
8.16034000e+03 1.03645245e+00
8.16198000e+03 1.03338162e+00
8.16362000e+03 1.02864966e+00
8.16527000e+03 1.02484482e+00
8.16691000e+03 1.02081866e+00
8.16855000e+03 1.01630691e+00
8.17019000e+03 1.01345955e+00
8.17184000e+03 1.00911018e+00
8.17348000e+03 1.00424593e+00
8.17513000e+03 1.00139556e+00
8.17677000e+03 9.97489817e-01
8.17842000e+03 9.94848276e-01
8.18007000e+03 9.92696804e-01
8.18172000e+03 9.89975672e-01
8.18337000e+03 9.87621508e-01
8.18494000e+03 9.87104025e-01
8.18659000e+03 9.84230836e-01
8.18825000e+03 9.82860938e-01
8.18990000e+03 9.81674271e-01
8.19155000e+03 9.79568208e-01
8.19320000e+03 9.78365220e-01
8.19486000e+03 9.75047823e-01
8.19651000e+03 9.72753860e-01
8.19817000e+03 9.70705051e-01
8.19982000e+03 9.68371476e-01
8.20148000e+03 9.65528415e-01
8.20313000e+03 9.62082118e-01
8.20479000e+03 9.58188627e-01
8.20645000e+03 9.53983355e-01
8.20811000e+03 9.51131869e-01
8.20970000e+03 9.47764980e-01
8.21136000e+03 9.45013845e-01
8.21302000e+03 9.41524856e-01
8.21468000e+03 9.39684159e-01
8.21634000e+03 9.36630078e-01
8.21801000e+03 9.33012933e-01
8.21967000e+03 9.32369965e-01
8.22134000e+03 9.28912343e-01
8.22300000e+03 9.26176506e-01
8.22467000e+03 9.24090633e-01
8.22634000e+03 9.19962383e-01
8.22800000e+03 9.18374559e-01
8.22967000e+03 9.15433565e-01
8.23134000e+03 9.13216812e-01
8.23294000e+03 9.10800086e-01
8.23461000e+03 9.08818887e-01
8.23628000e+03 9.06156352e-01
8.23795000e+03 9.04324218e-01
8.23962000e+03 9.02874333e-01
8.24130000e+03 9.01290387e-01
8.24297000e+03 9.00473903e-01
8.24464000e+03 8.98641089e-01
8.24632000e+03 8.96755965e-01
8.24799000e+03 8.96324731e-01
8.24967000e+03 8.95634044e-01
8.25135000e+03 8.94917544e-01
8.25303000e+03 8.93586940e-01
8.25463000e+03 8.91829582e-01
8.25631000e+03 8.90732895e-01
8.25799000e+03 8.90669698e-01
8.25967000e+03 8.91407291e-01
8.26135000e+03 8.89644041e-01
8.26304000e+03 8.89010384e-01
8.26472000e+03 8.87193483e-01
8.26640000e+03 8.86926183e-01
8.26809000e+03 8.86059540e-01
8.26977000e+03 8.85827401e-01
8.27146000e+03 8.84010486e-01
8.27314000e+03 8.81988272e-01
8.27483000e+03 8.79428388e-01
8.27652000e+03 8.77022530e-01
8.27821000e+03 8.74837705e-01
8.27982000e+03 8.72426615e-01
8.28151000e+03 8.69524438e-01
8.28320000e+03 8.65492052e-01
8.28497000e+03 8.62367034e-01
8.28666000e+03 8.58898879e-01
8.28828000e+03 8.56701649e-01
8.28997000e+03 8.53396937e-01
8.29167000e+03 8.51212332e-01
8.29336000e+03 8.48264536e-01
8.29506000e+03 8.44722977e-01
8.29676000e+03 8.42524055e-01
8.29845000e+03 8.40580492e-01
8.30015000e+03 8.38585590e-01
8.30185000e+03 8.36315055e-01
8.30355000e+03 8.32707798e-01
8.30525000e+03 8.30674890e-01
8.30695000e+03 8.28464041e-01
8.30865000e+03 8.27481813e-01
8.31035000e+03 8.26203648e-01
8.31205000e+03 8.24352182e-01
8.31368000e+03 8.21583930e-01
8.31539000e+03 8.19520767e-01
8.31709000e+03 8.18622775e-01
8.31880000e+03 8.18787269e-01
8.32051000e+03 8.16646735e-01
8.32221000e+03 8.15683789e-01
8.32392000e+03 8.13544130e-01
8.32563000e+03 8.13364584e-01
8.32734000e+03 8.14126879e-01
8.32905000e+03 8.15205509e-01
8.33076000e+03 8.18603369e-01
8.33247000e+03 8.30152719e-01
8.33418000e+03 8.82068577e-01
8.33582000e+03 9.83585202e-01
8.33753000e+03 1.06237111e+00
8.33925000e+03 1.12149937e+00
8.34096000e+03 1.19838311e+00
8.34268000e+03 1.27109196e+00
8.34440000e+03 1.34329291e+00
8.34611000e+03 1.45507504e+00
8.34783000e+03 1.60153819e+00
8.34955000e+03 1.74835654e+00
8.35127000e+03 1.84191315e+00
8.35299000e+03 1.87619758e+00
8.35471000e+03 1.86978584e+00
8.35643000e+03 1.85897939e+00
8.35815000e+03 1.87592566e+00
8.35980000e+03 1.88531387e+00
8.36153000e+03 1.86919031e+00
8.36325000e+03 1.84356461e+00
8.36498000e+03 1.81758088e+00
8.36670000e+03 1.79125184e+00
8.36843000e+03 1.77192115e+00
8.37016000e+03 1.75790930e+00
8.37188000e+03 1.75044412e+00
8.37361000e+03 1.74623041e+00
8.37534000e+03 1.75248922e+00
8.37707000e+03 1.76481898e+00
8.37880000e+03 1.77919064e+00
8.38054000e+03 1.79671169e+00
8.38227000e+03 1.81111706e+00
8.38400000e+03 1.81627662e+00
8.38574000e+03 1.81132220e+00
8.38747000e+03 1.79581374e+00
8.38913000e+03 1.77856227e+00
8.39087000e+03 1.76254313e+00
8.39260000e+03 1.75116419e+00
8.39434000e+03 1.74319158e+00
8.39608000e+03 1.73782479e+00
8.39782000e+03 1.73763762e+00
8.39956000e+03 1.73841636e+00
8.40130000e+03 1.73997623e+00
8.40304000e+03 1.73666721e+00
8.40478000e+03 1.73515843e+00
8.40653000e+03 1.73266353e+00
8.40827000e+03 1.73176917e+00
8.41001000e+03 1.73407492e+00
8.41176000e+03 1.73680950e+00
8.41351000e+03 1.73984159e+00
8.41518000e+03 1.74332542e+00
8.41692000e+03 1.74861986e+00
8.41867000e+03 1.75296753e+00
8.42042000e+03 1.75858421e+00
8.42217000e+03 1.76475597e+00
8.42392000e+03 1.77195345e+00
8.42567000e+03 1.77950603e+00
8.42742000e+03 1.78658812e+00
8.42918000e+03 1.79238344e+00
8.43093000e+03 1.79781708e+00
8.43268000e+03 1.79929104e+00
8.43444000e+03 1.79395423e+00
8.43619000e+03 1.78526627e+00
8.43787000e+03 1.77098075e+00
8.43963000e+03 1.75719166e+00
8.44139000e+03 1.74294870e+00
8.44315000e+03 1.72865370e+00
8.44491000e+03 1.71608792e+00
8.44667000e+03 1.70395723e+00
8.44843000e+03 1.69368751e+00
8.45019000e+03 1.68352371e+00
8.45195000e+03 1.67103975e+00
8.45371000e+03 1.65922967e+00
8.45548000e+03 1.64755590e+00
8.45724000e+03 1.63719665e+00
8.45901000e+03 1.62807123e+00
8.46077000e+03 1.62246864e+00
8.46254000e+03 1.62226134e+00
8.46423000e+03 1.62632295e+00
8.46600000e+03 1.63150190e+00
8.46777000e+03 1.63589521e+00
8.46954000e+03 1.63960604e+00
8.47131000e+03 1.64386156e+00
8.47308000e+03 1.64986136e+00
8.47485000e+03 1.65466478e+00
8.47663000e+03 1.65362263e+00
8.47840000e+03 1.65093910e+00
8.48018000e+03 1.64559258e+00
8.48195000e+03 1.64220748e+00
8.48373000e+03 1.64400937e+00
8.48550000e+03 1.64974861e+00
8.48728000e+03 1.65787468e+00
8.48898000e+03 1.66516132e+00
8.49076000e+03 1.67486510e+00
8.49254000e+03 1.68377904e+00
8.49432000e+03 1.69612190e+00
8.49610000e+03 1.70111331e+00
8.49788000e+03 1.70203004e+00
8.49967000e+03 1.70197552e+00
8.50145000e+03 1.70016798e+00
8.50324000e+03 1.69578752e+00
8.50502000e+03 1.68909218e+00
8.50681000e+03 1.68116156e+00
8.50859000e+03 1.67086541e+00
8.51038000e+03 1.65406399e+00
8.51217000e+03 1.63499552e+00
8.51396000e+03 1.61714593e+00
8.51567000e+03 1.60065869e+00
8.51746000e+03 1.58287564e+00
8.51925000e+03 1.56394168e+00
8.52104000e+03 1.54762293e+00
8.52284000e+03 1.53826495e+00
8.52463000e+03 1.53113556e+00
8.52643000e+03 1.53049968e+00
8.52822000e+03 1.53286352e+00
8.53002000e+03 1.53656029e+00
8.53181000e+03 1.54320110e+00
8.53361000e+03 1.54891266e+00
8.53541000e+03 1.55592025e+00
8.53721000e+03 1.56332444e+00
8.53901000e+03 1.56525444e+00
8.54081000e+03 1.56797613e+00
8.54253000e+03 1.56967328e+00
8.54433000e+03 1.56814185e+00
8.54614000e+03 1.56947992e+00
8.54794000e+03 1.56628905e+00
8.54975000e+03 1.56366368e+00
8.55155000e+03 1.55928208e+00
8.55336000e+03 1.55468474e+00
8.55516000e+03 1.54988640e+00
8.55697000e+03 1.54622694e+00
8.55878000e+03 1.54366001e+00
8.56059000e+03 1.53766475e+00
8.56240000e+03 1.53359952e+00
8.56421000e+03 1.53150037e+00
8.56594000e+03 1.53205307e+00
8.56776000e+03 1.53478053e+00
8.56957000e+03 1.53822995e+00
8.57138000e+03 1.54312096e+00
8.57320000e+03 1.54543365e+00
8.57501000e+03 1.54865383e+00
8.57683000e+03 1.55180816e+00
8.57865000e+03 1.55360845e+00
8.58046000e+03 1.55278756e+00
8.58228000e+03 1.55215366e+00
8.58410000e+03 1.54816573e+00
8.58592000e+03 1.54477160e+00
8.58774000e+03 1.54028524e+00
8.58957000e+03 1.53247177e+00
8.59139000e+03 1.52347144e+00
8.59313000e+03 1.51405611e+00
8.59496000e+03 1.50676600e+00
8.59678000e+03 1.49620180e+00
8.59861000e+03 1.48695384e+00
8.60043000e+03 1.47633340e+00
8.60226000e+03 1.46849213e+00
8.60409000e+03 1.45951253e+00
8.60592000e+03 1.45688516e+00
8.60775000e+03 1.45129387e+00
8.60958000e+03 1.44829639e+00
8.61141000e+03 1.44498323e+00
8.61324000e+03 1.44313985e+00
8.61508000e+03 1.44101121e+00
8.61691000e+03 1.44034850e+00
8.61866000e+03 1.43769682e+00
8.62050000e+03 1.43608260e+00
8.62234000e+03 1.42865054e+00
8.62417000e+03 1.43074297e+00
8.62601000e+03 1.43016793e+00
8.62785000e+03 1.42814886e+00
8.62969000e+03 1.42743822e+00
8.63153000e+03 1.42638032e+00
8.63337000e+03 1.42357834e+00
8.63521000e+03 1.42303893e+00
8.63705000e+03 1.42266751e+00
8.63890000e+03 1.42253733e+00
8.64074000e+03 1.42228535e+00
8.64259000e+03 1.42214305e+00
8.64443000e+03 1.42064240e+00
8.64620000e+03 1.41920918e+00
8.64805000e+03 1.41851297e+00
8.64989000e+03 1.41763507e+00
8.65174000e+03 1.41651338e+00
8.65359000e+03 1.41464029e+00
8.65544000e+03 1.41202351e+00
8.65730000e+03 1.41185489e+00
8.65915000e+03 1.41076573e+00
8.66100000e+03 1.41002529e+00
8.66286000e+03 1.40990786e+00
8.66471000e+03 1.40807713e+00
8.66657000e+03 1.40698067e+00
8.66842000e+03 1.40446502e+00
8.67028000e+03 1.40408393e+00
8.67214000e+03 1.40142014e+00
8.67400000e+03 1.39786541e+00
8.67586000e+03 1.39440091e+00
8.67772000e+03 1.39006948e+00
8.67950000e+03 1.38463824e+00
8.68136000e+03 1.38077290e+00
8.68322000e+03 1.37532947e+00
8.68509000e+03 1.37108097e+00
8.68695000e+03 1.36631612e+00
8.68882000e+03 1.36134136e+00
8.69068000e+03 1.35727201e+00
8.69255000e+03 1.35369859e+00
8.69442000e+03 1.34992364e+00
8.69629000e+03 1.34701233e+00
8.69815000e+03 1.34535335e+00
8.70003000e+03 1.34295122e+00
8.70190000e+03 1.34114453e+00
8.70377000e+03 1.33723515e+00
8.70564000e+03 1.33527235e+00
8.70743000e+03 1.33054695e+00
8.70931000e+03 1.32738344e+00
8.71118000e+03 1.32437507e+00
8.71306000e+03 1.31853840e+00
8.71494000e+03 1.31496564e+00
8.71681000e+03 1.30985167e+00
8.71869000e+03 1.30860089e+00
8.72057000e+03 1.30606159e+00
8.72245000e+03 1.30362934e+00
8.72433000e+03 1.30129977e+00
8.72622000e+03 1.29938616e+00
8.72810000e+03 1.29503507e+00
8.72998000e+03 1.29386570e+00
8.73187000e+03 1.29316458e+00
8.73367000e+03 1.29081129e+00
8.73556000e+03 1.28907093e+00
8.73744000e+03 1.28733112e+00
8.73933000e+03 1.28405757e+00
8.74122000e+03 1.28253950e+00
8.74311000e+03 1.28153367e+00
8.74500000e+03 1.28025000e+00
8.74689000e+03 1.27923963e+00
8.74878000e+03 1.27510523e+00
8.75067000e+03 1.27371591e+00
8.75257000e+03 1.27280814e+00
8.75446000e+03 1.27355726e+00
8.75636000e+03 1.26877860e+00
8.75825000e+03 1.26728079e+00
8.76015000e+03 1.26633897e+00
8.76197000e+03 1.26481434e+00
8.76386000e+03 1.26410074e+00
8.76486000e+03 1.26117038e+00
8.76676000e+03 1.26007559e+00
8.76866000e+03 1.25774255e+00
8.77056000e+03 1.25611677e+00
8.77246000e+03 1.25627252e+00
8.77436000e+03 1.25229600e+00
8.77618000e+03 1.24975502e+00
8.77809000e+03 1.24601511e+00
8.78000000e+03 1.24442401e+00
8.78190000e+03 1.24398138e+00
8.78381000e+03 1.23935433e+00
8.78572000e+03 1.23403410e+00
8.78763000e+03 1.23096891e+00
8.78954000e+03 1.22803868e+00
8.79145000e+03 1.22532247e+00
8.79336000e+03 1.22184799e+00
8.79527000e+03 1.21811621e+00
8.79719000e+03 1.21481511e+00
8.79910000e+03 1.21107155e+00
8.80102000e+03 1.20762901e+00
8.80285000e+03 1.20578007e+00
8.80385000e+03 1.20537572e+00
8.80577000e+03 1.20117640e+00
8.80768000e+03 1.19831523e+00
8.80960000e+03 1.19860693e+00
8.81152000e+03 1.19607197e+00
8.81344000e+03 1.19250571e+00
8.81528000e+03 1.18970176e+00
8.81628000e+03 1.18918338e+00
8.81821000e+03 1.18753026e+00
8.82013000e+03 1.18355803e+00
8.82206000e+03 1.18096586e+00
8.82398000e+03 1.17708638e+00
8.82591000e+03 1.17557827e+00
8.82783000e+03 1.17277126e+00
8.82968000e+03 1.16950589e+00
8.83069000e+03 1.16776173e+00
8.83261000e+03 1.16455170e+00
8.83455000e+03 1.16237082e+00
8.83648000e+03 1.15985162e+00
8.83841000e+03 1.15522637e+00
8.84034000e+03 1.15281066e+00
8.84227000e+03 1.15064766e+00
8.84412000e+03 1.14987463e+00
8.84513000e+03 1.14685532e+00
8.84707000e+03 1.14397755e+00
8.84901000e+03 1.14242533e+00
8.85094000e+03 1.14038072e+00
8.85288000e+03 1.13584834e+00
8.85482000e+03 1.13435645e+00
8.85668000e+03 1.13164466e+00
8.85769000e+03 1.13181686e+00
8.85963000e+03 1.13021722e+00
8.86157000e+03 1.12672215e+00
8.86352000e+03 1.12427614e+00
8.86546000e+03 1.12348115e+00
8.86741000e+03 1.12140195e+00
8.86935000e+03 1.11894190e+00
8.87121000e+03 1.11789223e+00
8.87223000e+03 1.11650329e+00
8.87418000e+03 1.11553463e+00
8.87613000e+03 1.11384764e+00
8.87808000e+03 1.11129749e+00
8.88003000e+03 1.10860552e+00
8.88198000e+03 1.10775966e+00
8.88393000e+03 1.10601416e+00
8.88580000e+03 1.10532802e+00
8.88682000e+03 1.10318416e+00
8.88877000e+03 1.10156858e+00
8.89073000e+03 1.10023198e+00
8.89269000e+03 1.09700767e+00
8.89464000e+03 1.09561346e+00
8.89660000e+03 1.09312091e+00
8.89856000e+03 1.09071720e+00
8.90044000e+03 1.08816423e+00
8.90146000e+03 1.08772861e+00
8.90342000e+03 1.08362588e+00
8.90538000e+03 1.08047445e+00
8.90734000e+03 1.07846774e+00
8.90931000e+03 1.07467438e+00
8.91119000e+03 1.07210129e+00
8.91221000e+03 1.07119621e+00
8.91418000e+03 1.06834619e+00
8.91615000e+03 1.06499621e+00
8.91811000e+03 1.06345478e+00
8.92008000e+03 1.06055868e+00
8.92205000e+03 1.05727627e+00
8.92402000e+03 1.05515801e+00
8.92591000e+03 1.05424896e+00
8.92694000e+03 1.05221611e+00
8.92891000e+03 1.04936987e+00
8.93088000e+03 1.04709967e+00
8.93286000e+03 1.04456468e+00
8.93483000e+03 1.04241682e+00
8.93681000e+03 1.03985754e+00
8.93879000e+03 1.03678369e+00
8.94068000e+03 1.03589646e+00
8.94171000e+03 1.03454619e+00
8.94369000e+03 1.03238131e+00
8.94567000e+03 1.03105909e+00
8.94765000e+03 1.02713705e+00
8.94964000e+03 1.02433620e+00
8.95162000e+03 1.02268471e+00
8.95360000e+03 1.02184679e+00
8.95550000e+03 1.01959000e+00
8.95654000e+03 1.01907726e+00
8.95852000e+03 1.01742320e+00
8.96051000e+03 1.01454022e+00
8.96250000e+03 1.01161291e+00
8.96449000e+03 1.01069250e+00
8.96648000e+03 1.00816337e+00
8.96847000e+03 1.00815498e+00
8.97037000e+03 1.00629888e+00
8.97141000e+03 1.00515290e+00
8.97341000e+03 1.00559235e+00
8.97540000e+03 1.00567722e+00
8.97739000e+03 1.00626379e+00
8.97939000e+03 1.01003387e+00
8.98139000e+03 1.01833564e+00
8.98338000e+03 1.04714494e+00
8.98529000e+03 1.19555992e+00
8.98634000e+03 1.32151154e+00
8.98834000e+03 1.44317268e+00
8.99034000e+03 1.46130489e+00
8.99234000e+03 1.54696808e+00
8.99434000e+03 1.65358685e+00
8.99635000e+03 1.80909353e+00
8.99826000e+03 1.99385179e+00
8.99931000e+03 2.07069478e+00
9.00131000e+03 2.10768334e+00
9.00332000e+03 2.07061331e+00
9.00533000e+03 2.04327160e+00
9.00734000e+03 2.06588532e+00
9.00935000e+03 2.09244204e+00
9.01136000e+03 2.05006731e+00
9.01328000e+03 1.99576410e+00
9.01433000e+03 1.98162555e+00
9.01634000e+03 1.95414798e+00
9.01836000e+03 1.94089229e+00
9.02037000e+03 1.93994698e+00
9.02239000e+03 1.94945230e+00
9.02432000e+03 1.96736449e+00
9.02537000e+03 1.97710728e+00
9.02738000e+03 1.99718403e+00
9.02940000e+03 2.01489022e+00
9.03142000e+03 2.02713431e+00
9.03344000e+03 2.02408897e+00
9.03546000e+03 2.00022151e+00
9.03749000e+03 1.97173007e+00
9.03942000e+03 1.94977666e+00
9.04048000e+03 1.94580743e+00
9.04250000e+03 1.93720335e+00
9.04453000e+03 1.93780727e+00
9.04655000e+03 1.94463391e+00
9.04858000e+03 1.95424900e+00
9.05061000e+03 1.95751526e+00
9.05264000e+03 1.95535951e+00
9.05467000e+03 1.95711782e+00
9.05661000e+03 1.96047570e+00
9.05767000e+03 1.96545042e+00
9.05970000e+03 1.96653149e+00
9.06174000e+03 1.96280688e+00
9.06377000e+03 1.96375400e+00
9.06581000e+03 1.97439959e+00
9.06784000e+03 1.98194406e+00
9.06979000e+03 1.98419581e+00
9.07086000e+03 1.98595895e+00
9.07289000e+03 1.99072767e+00
9.07493000e+03 1.99678440e+00
9.07697000e+03 2.00540405e+00
9.07902000e+03 2.00348097e+00
9.08106000e+03 1.99698288e+00
9.08310000e+03 1.98570666e+00
9.08506000e+03 1.96789541e+00
9.08612000e+03 1.95609044e+00
9.08817000e+03 1.93798627e+00
9.09022000e+03 1.92289679e+00
9.09226000e+03 1.90856099e+00
9.09431000e+03 1.89963073e+00
9.09636000e+03 1.89058679e+00
9.09841000e+03 1.88105356e+00
9.10037000e+03 1.86640456e+00
9.10144000e+03 1.86121230e+00
9.10350000e+03 1.84757190e+00
9.10555000e+03 1.83915930e+00
9.10760000e+03 1.83769254e+00
9.10966000e+03 1.84189032e+00
9.11172000e+03 1.85059473e+00
9.11377000e+03 1.86257512e+00
9.11583000e+03 1.86741827e+00
9.11789000e+03 1.87604363e+00
9.11986000e+03 1.87987626e+00
9.12094000e+03 1.87947742e+00
9.12300000e+03 1.87955726e+00
9.12506000e+03 1.87905015e+00
9.12713000e+03 1.87853546e+00
9.12919000e+03 1.87976943e+00
9.13126000e+03 1.88834429e+00
9.13332000e+03 1.89886616e+00
9.13530000e+03 1.91705893e+00
9.13638000e+03 1.92250173e+00
9.13845000e+03 1.92990779e+00
9.14052000e+03 1.93293375e+00
9.14259000e+03 1.93117092e+00
9.14466000e+03 1.92690672e+00
9.14673000e+03 1.91856406e+00
9.14881000e+03 1.90889489e+00
9.15079000e+03 1.89615627e+00
9.15187000e+03 1.88755408e+00
9.15395000e+03 1.87258172e+00
9.15603000e+03 1.85293939e+00
9.15810000e+03 1.83254418e+00
9.15910000e+03 1.82450881e+00
9.16018000e+03 1.81522792e+00
9.16226000e+03 1.79457550e+00
9.16434000e+03 1.77885827e+00
9.16534000e+03 1.77146475e+00
9.16742000e+03 1.75906081e+00
9.16950000e+03 1.75752079e+00
9.17050000e+03 1.75659747e+00
9.17159000e+03 1.75734089e+00
9.17367000e+03 1.76341075e+00
9.17467000e+03 1.76957061e+00
9.17576000e+03 1.77330218e+00
9.17785000e+03 1.78799389e+00
9.17885000e+03 1.79022179e+00
9.17994000e+03 1.79570169e+00
9.18193000e+03 1.80086373e+00
9.18302000e+03 1.80155500e+00
9.18511000e+03 1.80527621e+00
9.18721000e+03 1.80429655e+00
9.18930000e+03 1.80144161e+00
9.19030000e+03 1.80006141e+00
9.19139000e+03 1.79619113e+00
9.19340000e+03 1.79205193e+00
9.19449000e+03 1.79171947e+00
9.19658000e+03 1.78732750e+00
9.19759000e+03 1.78807753e+00
9.19868000e+03 1.78345744e+00
9.19968000e+03 1.78546671e+00
9.20078000e+03 1.78007733e+00
9.20288000e+03 1.77842952e+00
9.20498000e+03 1.77376945e+00
9.20708000e+03 1.77012172e+00
9.20808000e+03 1.77040304e+00
9.20909000e+03 1.77007420e+00
9.21019000e+03 1.77091302e+00
9.21229000e+03 1.77666901e+00
9.21329000e+03 1.77733984e+00
9.21439000e+03 1.78088118e+00
9.21540000e+03 1.78588089e+00
9.21650000e+03 1.78382390e+00
9.21751000e+03 1.78777688e+00
9.21860000e+03 1.78649162e+00
9.21961000e+03 1.78758427e+00
9.22071000e+03 1.78660018e+00
9.22172000e+03 1.78529931e+00
9.22282000e+03 1.78553816e+00
9.22383000e+03 1.78222769e+00
9.22493000e+03 1.78370579e+00
9.22594000e+03 1.77771852e+00
9.22704000e+03 1.77567057e+00
9.22805000e+03 1.77338095e+00
9.22906000e+03 1.76530341e+00
9.23016000e+03 1.76672624e+00
9.23117000e+03 1.76072931e+00
9.23227000e+03 1.75682169e+00
9.23328000e+03 1.75086490e+00
9.23439000e+03 1.74404188e+00
9.23540000e+03 1.74334641e+00
9.23650000e+03 1.73281806e+00
9.23751000e+03 1.73127636e+00
9.23862000e+03 1.72255229e+00
9.23963000e+03 1.71913555e+00
9.24064000e+03 1.71493116e+00
9.24175000e+03 1.70689379e+00
9.24276000e+03 1.70542150e+00
9.24386000e+03 1.69657991e+00
9.24488000e+03 1.69510429e+00
9.24598000e+03 1.69265232e+00
9.24700000e+03 1.68838106e+00
9.24810000e+03 1.68772178e+00
9.24912000e+03 1.68223028e+00
9.25022000e+03 1.68316354e+00
9.25124000e+03 1.68107183e+00
9.25235000e+03 1.68121554e+00
9.25336000e+03 1.67967287e+00
9.25447000e+03 1.67562033e+00
9.25548000e+03 1.68071058e+00
9.25650000e+03 1.67647936e+00
9.25761000e+03 1.67727430e+00
9.25862000e+03 1.67542432e+00
9.25973000e+03 1.67203705e+00
9.26075000e+03 1.67504661e+00
9.26186000e+03 1.67003204e+00
9.26288000e+03 1.67378285e+00
9.26399000e+03 1.67159698e+00
9.26501000e+03 1.67079318e+00
9.26612000e+03 1.67250717e+00
9.26713000e+03 1.66803997e+00
9.26825000e+03 1.67017980e+00
9.26926000e+03 1.66688573e+00
9.27038000e+03 1.66664021e+00
9.27140000e+03 1.66679225e+00
9.27241000e+03 1.66421545e+00
9.27353000e+03 1.66751435e+00
9.27455000e+03 1.66265427e+00
9.27566000e+03 1.66522393e+00
9.27668000e+03 1.66394276e+00
9.27779000e+03 1.66549872e+00
9.27882000e+03 1.66598988e+00
9.27993000e+03 1.66396701e+00
9.28095000e+03 1.66763531e+00
9.28207000e+03 1.66209507e+00
9.28309000e+03 1.66433643e+00
9.28420000e+03 1.66514675e+00
9.28522000e+03 1.65997721e+00
9.28625000e+03 1.66402401e+00
9.28736000e+03 1.65845053e+00
9.28839000e+03 1.66104297e+00
9.28950000e+03 1.65850861e+00
9.29053000e+03 1.65843472e+00
9.29164000e+03 1.66189848e+00
9.29267000e+03 1.65616748e+00
9.29378000e+03 1.65753393e+00
9.29481000e+03 1.65483700e+00
9.29593000e+03 1.65609895e+00
9.29695000e+03 1.65525471e+00
9.29807000e+03 1.65274182e+00
9.29910000e+03 1.65643390e+00
9.30021000e+03 1.65083510e+00
9.30124000e+03 1.65297928e+00
9.30227000e+03 1.65209291e+00
9.30339000e+03 1.64804093e+00
9.30441000e+03 1.64902510e+00
9.30553000e+03 1.64377518e+00
9.30656000e+03 1.65118697e+00
9.30768000e+03 1.64441193e+00
9.30871000e+03 1.64457569e+00
9.30983000e+03 1.64372223e+00
9.31086000e+03 1.63871998e+00
9.31198000e+03 1.64097553e+00
9.31301000e+03 1.63709938e+00
9.31413000e+03 1.63213048e+00
9.31516000e+03 1.63302142e+00
9.31628000e+03 1.62710807e+00
9.31731000e+03 1.62760567e+00
9.31834000e+03 1.62151035e+00
9.31947000e+03 1.62322227e+00
9.32050000e+03 1.61896320e+00
9.32162000e+03 1.61685871e+00
9.32265000e+03 1.61538658e+00
9.32378000e+03 1.60713707e+00
9.32481000e+03 1.60886515e+00
9.32593000e+03 1.60349428e+00
9.32697000e+03 1.60125855e+00
9.32809000e+03 1.60040060e+00
9.32912000e+03 1.59492694e+00
9.33025000e+03 1.59763048e+00
9.33128000e+03 1.59132017e+00
9.33241000e+03 1.59263473e+00
9.33344000e+03 1.58938989e+00
9.33448000e+03 1.58655509e+00
9.33561000e+03 1.58882798e+00
9.33664000e+03 1.58406000e+00
9.33777000e+03 1.58532164e+00
9.33880000e+03 1.58018890e+00
9.33993000e+03 1.57959171e+00
9.34097000e+03 1.58025686e+00
9.34210000e+03 1.57522735e+00
9.34313000e+03 1.57755852e+00
9.34426000e+03 1.57164985e+00
9.34530000e+03 1.57275214e+00
9.34643000e+03 1.56938416e+00
9.34746000e+03 1.56501423e+00
9.34859000e+03 1.56521556e+00
9.34963000e+03 1.56115629e+00
9.35067000e+03 1.56180192e+00
9.35180000e+03 1.55646742e+00
9.35284000e+03 1.55518255e+00
9.35397000e+03 1.55327594e+00
9.35501000e+03 1.55145959e+00
9.35614000e+03 1.55148544e+00
9.35718000e+03 1.54836134e+00
9.35831000e+03 1.54926638e+00
9.35935000e+03 1.54591605e+00
9.36049000e+03 1.54685204e+00
9.36153000e+03 1.54592862e+00
9.36266000e+03 1.54302478e+00
9.36370000e+03 1.54385073e+00
9.36484000e+03 1.53959704e+00
9.36588000e+03 1.53948122e+00
9.36692000e+03 1.53984107e+00
9.36805000e+03 1.53855633e+00
9.36909000e+03 1.53903476e+00
9.37023000e+03 1.53591817e+00
9.37127000e+03 1.53667752e+00
9.37241000e+03 1.53508757e+00
9.37345000e+03 1.53473269e+00
9.37459000e+03 1.53372206e+00
9.37563000e+03 1.52992252e+00
9.37677000e+03 1.53462320e+00
9.37781000e+03 1.52920872e+00
9.37895000e+03 1.52999961e+00
9.38000000e+03 1.52816668e+00
9.38113000e+03 1.52734591e+00
9.38218000e+03 1.52812178e+00
9.38322000e+03 1.52426666e+00
9.38436000e+03 1.52569776e+00
9.38541000e+03 1.52324649e+00
9.38655000e+03 1.52461788e+00
9.38759000e+03 1.52261146e+00
9.38874000e+03 1.52121264e+00
9.38978000e+03 1.52375365e+00
9.39092000e+03 1.51782250e+00
9.39197000e+03 1.51968912e+00
9.39311000e+03 1.51836660e+00
9.39416000e+03 1.51716647e+00
9.39530000e+03 1.51723973e+00
9.39635000e+03 1.51541005e+00
9.39749000e+03 1.51569762e+00
9.39854000e+03 1.51267984e+00
9.39959000e+03 1.51110818e+00
9.40073000e+03 1.51235240e+00
9.40178000e+03 1.50828874e+00
9.40293000e+03 1.51017322e+00
9.40398000e+03 1.50439446e+00
9.40512000e+03 1.50644637e+00
9.40617000e+03 1.50514483e+00
9.40732000e+03 1.50244429e+00
9.40837000e+03 1.50494591e+00
9.40951000e+03 1.50033998e+00
9.41056000e+03 1.50119079e+00
9.41171000e+03 1.49813757e+00
9.41276000e+03 1.49670876e+00
9.41391000e+03 1.49591215e+00
9.41496000e+03 1.49237901e+00
9.41601000e+03 1.49415926e+00
9.41716000e+03 1.48825398e+00
9.41821000e+03 1.48990612e+00
9.41936000e+03 1.48758435e+00
9.42041000e+03 1.48472286e+00
9.42156000e+03 1.48471810e+00
9.42262000e+03 1.47777563e+00
9.42377000e+03 1.47971708e+00
9.42482000e+03 1.47517642e+00
9.42597000e+03 1.47325959e+00
9.42703000e+03 1.47228855e+00
9.42818000e+03 1.46824041e+00
9.42923000e+03 1.47095233e+00
9.43029000e+03 1.46364722e+00
9.43144000e+03 1.46552897e+00
9.43249000e+03 1.46437538e+00
9.43365000e+03 1.45989815e+00
9.43470000e+03 1.46064807e+00
9.43585000e+03 1.45653938e+00
9.43691000e+03 1.45834615e+00
9.43806000e+03 1.45474522e+00
9.43912000e+03 1.45263275e+00
9.44028000e+03 1.45208140e+00
9.44133000e+03 1.44733701e+00
9.44249000e+03 1.45045437e+00
9.44355000e+03 1.44705709e+00
9.44470000e+03 1.44688345e+00
9.44576000e+03 1.44544236e+00
9.44682000e+03 1.44190597e+00
9.44798000e+03 1.44403058e+00
9.44903000e+03 1.43883320e+00
9.45019000e+03 1.43896911e+00
9.45125000e+03 1.43705449e+00
9.45241000e+03 1.43566674e+00
9.45347000e+03 1.43649234e+00
9.45463000e+03 1.43222282e+00
9.45569000e+03 1.43408974e+00
9.45685000e+03 1.42954804e+00
9.45791000e+03 1.42731250e+00
9.45907000e+03 1.42675325e+00
9.46013000e+03 1.42306038e+00
9.46129000e+03 1.42598227e+00
9.46235000e+03 1.42154687e+00
9.46341000e+03 1.42094503e+00
9.46457000e+03 1.41987081e+00
9.46564000e+03 1.41678647e+00
9.46680000e+03 1.41662107e+00
9.46786000e+03 1.41319356e+00
9.46902000e+03 1.41470858e+00
9.47009000e+03 1.41136373e+00
9.47125000e+03 1.40915579e+00
9.47231000e+03 1.40941672e+00
9.47347000e+03 1.40743947e+00
9.47454000e+03 1.40613792e+00
9.47570000e+03 1.40276251e+00
9.47677000e+03 1.40375086e+00
9.47793000e+03 1.40166512e+00
9.47900000e+03 1.40021107e+00
9.48006000e+03 1.39964287e+00
9.48123000e+03 1.39761356e+00
9.48230000e+03 1.39618405e+00
9.48346000e+03 1.39446241e+00
9.48453000e+03 1.39446092e+00
9.48569000e+03 1.39338764e+00
9.48676000e+03 1.38976981e+00
9.48793000e+03 1.39052166e+00
9.48900000e+03 1.38801313e+00
9.49016000e+03 1.38696514e+00
9.49123000e+03 1.38510065e+00
9.49240000e+03 1.38569018e+00
9.49347000e+03 1.38549129e+00
9.49464000e+03 1.38306214e+00
9.49571000e+03 1.38450501e+00
9.49678000e+03 1.38093176e+00
9.49795000e+03 1.38090436e+00
9.49902000e+03 1.37902324e+00
9.50019000e+03 1.37723596e+00
9.50126000e+03 1.37752780e+00
9.50243000e+03 1.37383431e+00
9.50350000e+03 1.37588436e+00
9.50467000e+03 1.37282404e+00
9.50574000e+03 1.37217870e+00
9.50691000e+03 1.37053635e+00
9.50798000e+03 1.37010578e+00
9.50916000e+03 1.37147636e+00
9.51023000e+03 1.36863179e+00
9.51140000e+03 1.36811308e+00
9.51248000e+03 1.36716888e+00
9.51355000e+03 1.36550322e+00
9.51472000e+03 1.36551879e+00
9.51580000e+03 1.36333761e+00
9.51697000e+03 1.36362228e+00
9.51805000e+03 1.36256401e+00
9.51922000e+03 1.35996887e+00
9.52030000e+03 1.35982204e+00
9.52147000e+03 1.35866260e+00
9.52255000e+03 1.35831764e+00
9.52372000e+03 1.35600318e+00
9.52480000e+03 1.35685602e+00
9.52597000e+03 1.35287459e+00
9.52705000e+03 1.35248832e+00
9.52823000e+03 1.35078764e+00
9.52930000e+03 1.34804250e+00
9.53038000e+03 1.34889515e+00
9.53156000e+03 1.34517519e+00
9.53264000e+03 1.34363866e+00
9.53382000e+03 1.34303711e+00
9.53490000e+03 1.34116283e+00
9.53607000e+03 1.34213294e+00
9.53715000e+03 1.33949752e+00
9.53833000e+03 1.33534627e+00
9.53941000e+03 1.33446750e+00
9.54059000e+03 1.33308318e+00
9.54167000e+03 1.33269604e+00
9.54275000e+03 1.32945334e+00
9.54393000e+03 1.32976475e+00
9.54502000e+03 1.32686331e+00
9.54620000e+03 1.32528879e+00
9.54728000e+03 1.32423171e+00
9.54846000e+03 1.32285417e+00
9.54954000e+03 1.32302011e+00
9.55072000e+03 1.31979579e+00
9.55181000e+03 1.31956972e+00
9.55299000e+03 1.31617845e+00
9.55407000e+03 1.31490979e+00
9.55526000e+03 1.31453141e+00
9.55634000e+03 1.31117661e+00
9.55752000e+03 1.31160126e+00
9.55861000e+03 1.30912764e+00
9.55969000e+03 1.30763798e+00
9.56088000e+03 1.30602855e+00
9.56196000e+03 1.30383678e+00
9.56315000e+03 1.30563784e+00
9.56423000e+03 1.30273774e+00
9.56542000e+03 1.30052512e+00
9.56651000e+03 1.30024071e+00
9.56769000e+03 1.29985891e+00
9.56878000e+03 1.29846401e+00
9.56997000e+03 1.29567685e+00
9.57105000e+03 1.29486031e+00
9.57224000e+03 1.29396523e+00
9.57333000e+03 1.29156381e+00
9.57452000e+03 1.29077003e+00
9.57560000e+03 1.28855060e+00
9.57679000e+03 1.28945714e+00
9.57788000e+03 1.28534687e+00
9.57897000e+03 1.28471447e+00
9.58016000e+03 1.28640165e+00
9.58125000e+03 1.28312422e+00
9.58244000e+03 1.28195777e+00
9.58353000e+03 1.27964385e+00
9.58472000e+03 1.27821627e+00
9.58581000e+03 1.27821181e+00
9.58700000e+03 1.27401636e+00
9.58810000e+03 1.27463824e+00
9.58929000e+03 1.27175827e+00
9.59038000e+03 1.27181938e+00
9.59147000e+03 1.26998524e+00
9.59266000e+03 1.26894476e+00
9.59376000e+03 1.26991812e+00
9.59495000e+03 1.26716307e+00
9.59604000e+03 1.26557934e+00
9.59724000e+03 1.26495125e+00
9.59833000e+03 1.26141854e+00
9.59952000e+03 1.26264088e+00
9.60062000e+03 1.25988412e+00
9.60181000e+03 1.25832405e+00
9.60291000e+03 1.25712060e+00
9.60410000e+03 1.25575050e+00
9.60520000e+03 1.25534734e+00
9.60640000e+03 1.25387349e+00
9.60749000e+03 1.25350041e+00
9.60869000e+03 1.24965128e+00
9.60978000e+03 1.24893221e+00
9.61088000e+03 1.24782279e+00
9.61208000e+03 1.24640365e+00
9.61318000e+03 1.24463431e+00
9.61437000e+03 1.24426352e+00
9.61547000e+03 1.24127264e+00
9.61667000e+03 1.24226953e+00
9.61777000e+03 1.24099023e+00
9.61897000e+03 1.23919708e+00
9.62007000e+03 1.23786019e+00
9.62127000e+03 1.23659642e+00
9.62237000e+03 1.23538949e+00
9.62357000e+03 1.23470781e+00
9.62467000e+03 1.23413162e+00
9.62577000e+03 1.23306567e+00
9.62697000e+03 1.23058922e+00
9.62807000e+03 1.22959026e+00
9.62927000e+03 1.22830135e+00
9.63037000e+03 1.22656155e+00
9.63158000e+03 1.22608922e+00
9.63268000e+03 1.22498558e+00
9.63388000e+03 1.22380337e+00
9.63498000e+03 1.22226488e+00
9.63619000e+03 1.22035636e+00
9.63729000e+03 1.21927503e+00
9.63849000e+03 1.21962093e+00
9.63960000e+03 1.21680206e+00
9.64080000e+03 1.21578299e+00
9.64191000e+03 1.21494538e+00
9.64301000e+03 1.21241170e+00
9.64422000e+03 1.21264341e+00
9.64532000e+03 1.21234417e+00
9.64653000e+03 1.20951959e+00
9.64763000e+03 1.20902810e+00
9.64884000e+03 1.20529603e+00
9.64994000e+03 1.20658230e+00
9.65115000e+03 1.20543503e+00
9.65226000e+03 1.20396970e+00
9.65347000e+03 1.20317949e+00
9.65457000e+03 1.20088574e+00
9.65578000e+03 1.20036801e+00
9.65689000e+03 1.19917923e+00
9.65810000e+03 1.19841237e+00
9.65921000e+03 1.19665902e+00
9.66032000e+03 1.19457619e+00
9.66153000e+03 1.19370760e+00
9.66263000e+03 1.19044856e+00
9.66385000e+03 1.19116473e+00
9.66495000e+03 1.18898271e+00
9.66617000e+03 1.18913436e+00
9.66728000e+03 1.18935265e+00
9.66849000e+03 1.18928019e+00
9.66960000e+03 1.19103619e+00
9.67081000e+03 1.19351208e+00
9.67192000e+03 1.19810221e+00
9.67313000e+03 1.20101935e+00
9.67425000e+03 1.20351930e+00
9.67546000e+03 1.20233937e+00
9.67657000e+03 1.20012079e+00
9.67779000e+03 1.19980272e+00
9.67890000e+03 1.19590958e+00
9.68001000e+03 1.19773791e+00
9.68123000e+03 1.19411851e+00
9.68234000e+03 1.19341385e+00
9.68356000e+03 1.19137620e+00
9.68467000e+03 1.18772329e+00
9.68589000e+03 1.18642534e+00
9.68700000e+03 1.18385101e+00
9.68822000e+03 1.18261361e+00
9.68933000e+03 1.18146643e+00
9.69055000e+03 1.17860176e+00
9.69167000e+03 1.17858576e+00
9.69288000e+03 1.17528656e+00
9.69400000e+03 1.17375656e+00
9.69512000e+03 1.17055117e+00
9.69634000e+03 1.16999887e+00
9.69745000e+03 1.16918041e+00
9.69867000e+03 1.16530411e+00
9.69979000e+03 1.16619461e+00
9.70101000e+03 1.16167942e+00
9.70213000e+03 1.16184308e+00
9.70335000e+03 1.16021839e+00
9.70447000e+03 1.15912930e+00
9.70569000e+03 1.16054993e+00
9.70681000e+03 1.15707112e+00
9.70803000e+03 1.15532779e+00
9.70915000e+03 1.15431564e+00
9.71037000e+03 1.15400505e+00
9.71149000e+03 1.15317938e+00
9.71262000e+03 1.15089666e+00
9.71384000e+03 1.15212304e+00
9.71496000e+03 1.14997153e+00
9.71618000e+03 1.14759513e+00
9.71731000e+03 1.14844508e+00
9.71853000e+03 1.14492128e+00
9.71965000e+03 1.14533715e+00
9.72088000e+03 1.14389376e+00
9.72200000e+03 1.14353690e+00
9.72323000e+03 1.14194856e+00
9.72435000e+03 1.13904765e+00
9.72558000e+03 1.13901628e+00
9.72670000e+03 1.13736943e+00
9.72793000e+03 1.13742202e+00
9.72905000e+03 1.13342522e+00
9.73018000e+03 1.13267002e+00
9.73141000e+03 1.13309616e+00
9.73253000e+03 1.13006541e+00
9.73376000e+03 1.13096266e+00
9.73489000e+03 1.12757933e+00
9.73611000e+03 1.12896172e+00
9.73724000e+03 1.12464059e+00
9.73847000e+03 1.12370710e+00
9.73960000e+03 1.12451100e+00
9.74083000e+03 1.12133385e+00
9.74196000e+03 1.12249905e+00
9.74319000e+03 1.11939320e+00
9.74431000e+03 1.11751288e+00
9.74555000e+03 1.11675504e+00
9.74668000e+03 1.11420410e+00
9.74791000e+03 1.11477267e+00
9.74904000e+03 1.11228637e+00
9.75027000e+03 1.11203612e+00
9.75140000e+03 1.11011653e+00
9.75253000e+03 1.10931844e+00
9.75376000e+03 1.10756146e+00
9.75489000e+03 1.10446347e+00
9.75613000e+03 1.10496209e+00
9.75726000e+03 1.10189257e+00
9.75849000e+03 1.10175800e+00
9.75963000e+03 1.10172710e+00
9.76086000e+03 1.09861462e+00
9.76199000e+03 1.09825889e+00
9.76323000e+03 1.09511050e+00
9.76436000e+03 1.09566528e+00
9.76560000e+03 1.09357027e+00
9.76673000e+03 1.09202397e+00
9.76797000e+03 1.09189176e+00
9.76911000e+03 1.08948039e+00
9.77024000e+03 1.09114649e+00
9.77148000e+03 1.08667364e+00
9.77261000e+03 1.08619788e+00
9.77385000e+03 1.08506967e+00
9.77499000e+03 1.08394593e+00
9.77623000e+03 1.08263940e+00
9.77736000e+03 1.08062787e+00
9.77860000e+03 1.08040385e+00
9.77974000e+03 1.08037534e+00
9.78098000e+03 1.07770525e+00
9.78212000e+03 1.07746594e+00
9.78336000e+03 1.07414745e+00
9.78450000e+03 1.07561316e+00
9.78574000e+03 1.07383758e+00
9.78688000e+03 1.07169080e+00
9.78802000e+03 1.07159149e+00
9.78926000e+03 1.06676655e+00
9.79040000e+03 1.06912512e+00
9.79164000e+03 1.06667398e+00
9.79278000e+03 1.06586559e+00
9.79402000e+03 1.06459314e+00
9.79517000e+03 1.06200605e+00
9.79641000e+03 1.06425512e+00
9.79755000e+03 1.05874262e+00
9.79880000e+03 1.06000589e+00
9.79994000e+03 1.05825998e+00
9.80118000e+03 1.05537070e+00
9.80233000e+03 1.05664867e+00
9.80357000e+03 1.05366025e+00
9.80471000e+03 1.05356925e+00
9.80586000e+03 1.05310573e+00
9.80710000e+03 1.04881472e+00
9.80825000e+03 1.04996321e+00
9.80950000e+03 1.04740987e+00
9.81064000e+03 1.04769366e+00
9.81189000e+03 1.04524281e+00
9.81303000e+03 1.04414062e+00
9.81428000e+03 1.04263823e+00
9.81543000e+03 1.04026964e+00
9.81668000e+03 1.04136975e+00
9.81782000e+03 1.03862482e+00
9.81907000e+03 1.03674540e+00
9.82022000e+03 1.03805481e+00
9.82147000e+03 1.03215584e+00
9.82262000e+03 1.03488162e+00
9.82377000e+03 1.03016177e+00
9.82502000e+03 1.03252127e+00
9.82617000e+03 1.03053114e+00
9.82742000e+03 1.02839867e+00
9.82857000e+03 1.02619463e+00
9.82982000e+03 1.02399398e+00
9.83097000e+03 1.02501742e+00
9.83222000e+03 1.02198247e+00
9.83337000e+03 1.02318339e+00
9.83463000e+03 1.01977325e+00
9.83578000e+03 1.01745285e+00
9.83703000e+03 1.01836525e+00
9.83818000e+03 1.01476535e+00
9.83944000e+03 1.01602529e+00
9.84059000e+03 1.01265272e+00
9.84174000e+03 1.01275479e+00
9.84300000e+03 1.01162964e+00
9.84415000e+03 1.00918928e+00
9.84541000e+03 1.00832026e+00
9.84656000e+03 1.00469530e+00
9.84782000e+03 1.00624624e+00
9.84897000e+03 1.00416241e+00
9.85023000e+03 1.00303451e+00
9.85138000e+03 1.00279902e+00
9.85264000e+03 1.00005156e+00
9.85380000e+03 9.98895079e-01
9.85506000e+03 9.97594920e-01
9.85621000e+03 9.96761163e-01
9.85747000e+03 9.96491704e-01
9.85863000e+03 9.93230291e-01
9.85978000e+03 9.93309549e-01
9.86105000e+03 9.90837750e-01
9.86220000e+03 9.90567804e-01
9.86346000e+03 9.89349354e-01
9.86462000e+03 9.87474375e-01
9.86588000e+03 9.88207219e-01
9.86704000e+03 9.85263283e-01
9.86830000e+03 9.84552936e-01
9.86946000e+03 9.81803903e-01
9.87073000e+03 9.80969993e-01
9.87189000e+03 9.80609604e-01
9.87315000e+03 9.78810592e-01
9.87431000e+03 9.78754602e-01
9.87557000e+03 9.77362501e-01
9.87673000e+03 9.75081768e-01
9.87789000e+03 9.74239211e-01
9.87916000e+03 9.72021705e-01
9.88032000e+03 9.73152613e-01
9.88159000e+03 9.70916029e-01
9.88275000e+03 9.67584426e-01
9.88402000e+03 9.69044839e-01
9.88518000e+03 9.65525369e-01
9.88645000e+03 9.66110842e-01
9.88761000e+03 9.63912213e-01
9.88888000e+03 9.65163559e-01
9.89004000e+03 9.62645170e-01
9.89131000e+03 9.59860819e-01
9.89247000e+03 9.58193998e-01
9.89374000e+03 9.56586636e-01
9.89491000e+03 9.57613465e-01
9.89607000e+03 9.57008017e-01
9.89734000e+03 9.54527115e-01
9.89851000e+03 9.53681310e-01
9.89978000e+03 9.51626987e-01
9.90095000e+03 9.51337747e-01
9.90222000e+03 9.48233874e-01
9.90338000e+03 9.46442368e-01
9.90466000e+03 9.46518825e-01
9.90582000e+03 9.45076420e-01
9.90710000e+03 9.44691582e-01
9.90827000e+03 9.43155812e-01
9.90954000e+03 9.41519786e-01
9.91071000e+03 9.40486050e-01
9.91198000e+03 9.39734174e-01
9.91315000e+03 9.38243595e-01
9.91432000e+03 9.37034877e-01
9.91560000e+03 9.37176694e-01
9.91676000e+03 9.35228672e-01
9.91804000e+03 9.32793804e-01
9.91921000e+03 9.33208024e-01
9.92049000e+03 9.29210116e-01
9.92166000e+03 9.30696863e-01
9.92294000e+03 9.29114159e-01
9.92411000e+03 9.27225528e-01
9.92539000e+03 9.27024518e-01
9.92656000e+03 9.23668648e-01
9.92784000e+03 9.23772275e-01
9.92901000e+03 9.20830412e-01
9.93029000e+03 9.20473173e-01
9.93146000e+03 9.20192311e-01
9.93264000e+03 9.18527429e-01
9.93392000e+03 9.19840026e-01
9.93509000e+03 9.17160354e-01
9.93637000e+03 9.15531644e-01
9.93755000e+03 9.15348688e-01
9.93883000e+03 9.12273473e-01
9.94000000e+03 9.14144831e-01
9.94128000e+03 9.10241673e-01
9.94246000e+03 9.08154523e-01
9.94374000e+03 9.08562546e-01
9.94492000e+03 9.05872652e-01
9.94620000e+03 9.05415814e-01
9.94738000e+03 9.02830143e-01
9.94866000e+03 9.03098901e-01
9.94984000e+03 9.01213642e-01
9.95102000e+03 9.00225169e-01
9.95231000e+03 8.99830808e-01
9.95348000e+03 8.97139716e-01
9.95477000e+03 8.96263519e-01
9.95595000e+03 8.95505406e-01
9.95724000e+03 8.95686311e-01
9.95842000e+03 8.93803785e-01
9.95970000e+03 8.91087379e-01
9.96088000e+03 8.91659867e-01
9.96217000e+03 8.88403061e-01
9.96335000e+03 8.90156180e-01
9.96464000e+03 8.88236054e-01
9.96582000e+03 8.85678935e-01
9.96711000e+03 8.83860098e-01
9.96829000e+03 8.83405905e-01
9.96947000e+03 8.82248619e-01
9.97076000e+03 8.79476944e-01
9.97195000e+03 8.79719689e-01
9.97324000e+03 8.78562281e-01
9.97442000e+03 8.76729609e-01
9.97571000e+03 8.76859437e-01
9.97690000e+03 8.73875803e-01
9.97819000e+03 8.72490139e-01
9.97937000e+03 8.73972201e-01
9.98067000e+03 8.70070024e-01
9.98185000e+03 8.70407618e-01
9.98315000e+03 8.67197122e-01
9.98433000e+03 8.67979933e-01
9.98563000e+03 8.65007122e-01
9.98681000e+03 8.63948045e-01
9.98800000e+03 8.63024123e-01
9.98929000e+03 8.60782250e-01
9.99048000e+03 8.60608452e-01
9.99178000e+03 8.57126119e-01
9.99297000e+03 8.57387927e-01
9.99426000e+03 8.57713288e-01
9.99545000e+03 8.55044067e-01
9.99675000e+03 8.55319600e-01
9.99794000e+03 8.51965521e-01
9.99923000e+03 8.51901960e-01
